10,5,2,6,3,7,4
11,4,1,6,9,2,
12,1,6,,,,
13,3,4,10,2,,
14,3,6,4,3,,
15,4,1,8,9,1,
16,5,4,5,3,6,8
17,3,8,10,8,,
18,5,1,9,1,6,9
19,3,2,2,1,,
20,1,4,,,,
21,1,4,,,,
22,2,7,2,,,
23,5,6,7,5,4,6
24,3,10,3,9,,
25,5,1,3,6,9,7
26,3,9,5,7,,
27,5,3,10,8,8,2
28,5,2,3,2,6,8
29,1,5,,,,
30,2,3,3,,,
31,3,5,3,5,,
32,4,9,1,6,9,
33,5,2,1,5,1,1
34,3,1,1,4,,
35,5,2,10,1,7,7
36,3,4,7,6,,
37,3,4,1,10,,
38,5,9,4,3,5,2
39,3,7,10,1,,
40,2,7,5,,,
41,4,9,2,6,3,
42,1,5,,,,
43,3,8,1,2,,
44,3,4,2,3,,
45,2,9,9,,,
46,1,6,,,,
47,1,5,,,,
48,1,8,,,,
49,5,10,1,9,1,10
50,2,1,10,,,
51,3,9,3,6,,
52,1,6,,,,
53,5,8,6,9,2,3
54,5,2,7,10,2,1
55,3,7,5,3,,
56,4,7,3,9,7,
57,4,10,9,10,9,
58,1,9,,,,
59,5,10,9,5,9,1
60,2,3,4,,,
61,5,4,2,8,5,3
62,5,4,3,2,6,9
63,5,7,2,3,7,5
64,1,8,,,,
65,5,5,4,4,3,3
66,3,7,3,2,,
67,2,2,8,,,
68,4,9,4,3,9,
69,1,2,,,,
70,4,3,5,5,7,
71,5,2,3,7,6,6
72,2,9,4,,,
73,3,7,8,4,,
74,2,10,5,,,
75,3,3,2,7,,
76,1,1,,,,
77,1,8,,,,
78,5,7,10,5,1,1
79,2,1,10,,,
80,2,1,7,,,
81,1,4,,,,
82,2,6,2,,,
83,4,2,8,4,4,
84,5,3,8,2,1,3
85,2,1,6,,,
86,2,9,6,,,
87,4,6,2,5,5,
88,5,8,5,4,2,10
89,1,1,,,,
90,4,2,4,6,4,
91,4,7,6,7,5,
92,5,4,4,9,2,8
93,5,3,1,9,2,2
94,5,6,4,8,2,5
95,3,1,6,9,,
96,3,4,10,1,,
97,3,6,8,1,,
98,1,6,,,,
99,5,4,5,2,7,4
100,2,5,4,,,
101,4,4,8,9,6,
102,2,9,1,,,
103,3,6,6,9,,
104,1,1,,,,
105,5,9,6,4,3,10
106,5,7,8,6,9,6
107,1,7,,,,
108,1,6,,,,
109,4,3,3,9,1,
110,5,7,7,6,6,4
111,5,5,5,8,4,7
112,1,10,,,,
113,3,6,2,5,,
114,5,1,1,5,1,6
115,4,10,4,8,4,
116,2,4,1,,,
117,1,7,,,,
118,4,6,1,9,1,
119,1,1,,,,
120,1,5,,,,
121,1,2,,,,
122,4,5,10,4,10,
123,3,6,6,7,,
124,5,3,1,6,10,5
125,2,4,10,,,
126,3,10,3,1,,
127,2,5,1,,,
128,1,4,,,,
129,1,4,,,,
130,1,2,,,,
131,5,1,6,5,10,3
132,2,9,2,,,
133,3,3,3,10,,
134,2,1,7,,,
135,2,3,1,,,
136,1,5,,,,
137,3,5,1,6,,
138,5,2,2,5,7,2
139,2,4,4,,,
140,2,4,10,,,
141,3,10,7,6,,
142,2,9,2,,,
143,5,10,6,7,7,6
144,2,3,8,,,
145,1,7,,,,
146,1,3,,,,
147,1,8,,,,
148,1,8,,,,
149,1,7,,,,
150,5,5,6,6,2,8
151,4,10,10,6,2,
152,4,6,6,10,3,
153,2,8,2,,,
154,1,4,,,,
155,2,8,5,,,
156,2,8,3,,,
157,2,7,6,,,
158,2,6,7,,,
159,3,6,9,3,,
160,5,3,5,2,6,1
161,3,6,3,1,,
162,5,6,2,2,7,5
163,2,7,10,,,
164,2,1,5,,,
165,3,9,8,6,,
166,1,9,,,,
167,2,2,10,,,
168,2,8,6,,,
169,2,1,7,,,
170,3,10,10,3,,
171,5,2,4,9,1,3
172,5,6,10,6,10,5
173,4,4,10,7,2,
174,1,4,,,,
175,5,1,8,5,6,2
176,4,5,6,4,8,
177,2,5,3,,,
178,4,9,8,6,7,
179,1,3,,,,
180,5,4,9,7,7,4
181,5,2,7,10,4,1
182,5,7,5,4,5,2
183,2,5,10,,,
184,3,9,3,10,,
185,2,8,7,,,
186,5,3,1,5,8,5
187,2,6,5,,,
188,3,6,4,7,,
189,4,2,9,1,7,
190,4,7,8,10,5,
191,5,10,4,2,9,6
192,5,8,7,2,7,6
193,5,4,4,8,6,6
194,5,8,6,9,2,6
195,2,1,3,,,
196,3,1,4,3,,
197,3,8,8,7,,
198,2,2,7,,,
199,1,4,,,,
200,2,5,5,,,
201,2,2,10,,,
202,4,9,1,1,5,
203,2,5,10,,,
204,1,9,,,,
205,4,1,2,2,7,
206,2,7,4,,,
207,3,8,5,3,,
208,4,8,2,8,7,
209,5,10,9,1,7,2
210,5,5,4,5,5,9
211,3,6,8,5,,
212,3,5,3,4,,
213,3,9,9,9,,
214,2,7,10,,,
215,3,1,7,10,,
216,5,1,1,1,4,1
217,1,9,,,,
218,3,7,5,2,,
219,5,7,4,3,8,1
220,5,2,4,1,6,2
221,1,6,,,,
222,4,1,2,3,3,
223,5,6,7,1,7,8
224,1,5,,,,
225,5,10,1,9,7,1
226,4,5,3,2,5,
227,3,2,9,6,,
228,4,9,7,2,3,
229,3,2,2,1,,
230,2,6,8,,,
231,1,10,,,,
232,4,5,10,6,6,
233,3,5,1,2,,
234,4,5,2,7,9,
235,3,8,1,1,,
236,4,2,5,5,6,
237,2,4,5,,,
238,1,9,,,,
239,2,8,10,,,
240,2,7,2,,,
241,2,4,3,,,
242,2,5,6,,,
243,1,7,,,,
244,5,6,10,7,7,4
245,1,9,,,,
246,2,1,4,,,
247,1,8,,,,
248,3,9,8,8,,
249,1,10,,,,
250,1,10,,,,
251,2,3,2,,,
252,5,4,8,2,4,4
253,2,3,4,,,
254,4,10,9,4,8,
255,1,9,,,,
256,1,8,,,,
257,5,3,5,1,4,9
258,5,8,8,8,6,1
259,4,6,6,10,5,
260,2,8,3,,,
261,2,5,3,,,
262,4,5,4,7,2,
263,2,8,2,,,
264,3,3,10,6,,
265,1,2,,,,
266,5,9,6,3,7,8
267,4,5,9,3,5,
268,2,4,4,,,
269,5,3,5,4,8,1
270,4,7,6,1,7,
271,3,1,7,5,,
272,1,6,,,,
273,2,6,7,,,
274,4,7,6,4,8,
275,3,10,7,2,,
276,3,3,6,2,,
277,1,1,,,,
278,5,8,5,5,6,3
279,4,5,6,1,9,
280,5,7,7,7,7,4
281,4,5,5,6,10,
282,1,9,,,,
283,3,5,3,2,,
284,4,9,8,1,6,
285,3,3,6,7,,
286,3,10,3,5,,
287,1,6,,,,
288,4,5,2,9,2,
289,5,2,6,3,3,7
290,5,9,5,2,10,10
291,3,3,10,7,,
292,5,6,3,10,7,6
293,1,2,,,,
294,1,9,,,,
295,4,10,8,2,5,
296,2,6,9,,,
297,3,4,5,4,,
298,1,4,,,,
299,5,5,7,4,1,4
300,4,7,4,5,3,
301,4,3,5,6,5,
302,2,8,3,,,
303,2,4,10,,,
304,4,4,4,10,9,
305,2,6,7,,,
306,2,2,2,,,
307,2,10,5,,,
308,5,6,1,3,3,9
309,3,7,10,8,,
310,3,5,4,10,,
311,2,10,9,,,
312,5,2,7,1,4,4
313,1,1,,,,
314,5,1,6,1,6,7
315,5,6,8,8,4,5
316,3,6,6,3,,
317,2,5,5,,,
318,1,7,,,,
319,5,10,7,10,8,2
320,4,1,10,8,10,
321,1,7,,,,
322,2,4,9,,,
323,4,9,4,10,8,
324,4,5,8,4,2,
325,3,10,2,4,,
326,5,2,2,10,1,4
327,2,4,6,,,
328,1,7,,,,
329,2,1,2,,,
330,5,6,10,8,7,3
331,2,10,5,,,
332,1,6,,,,
333,2,8,4,,,
334,1,7,,,,
335,5,10,5,2,9,8
336,4,9,1,6,7,
337,2,9,6,,,
338,5,5,8,7,1,7
339,2,5,1,,,
340,3,1,8,10,,
341,4,6,4,7,2,
342,4,9,8,4,9,
343,3,3,5,9,,
344,5,3,5,7,6,7
345,3,9,10,5,,
346,5,5,3,10,5,8
347,1,5,,,,
348,2,2,1,,,
349,1,9,,,,
350,5,2,4,6,8,1
351,4,1,10,9,5,
352,1,6,,,,
353,5,6,2,10,10,3
354,5,4,3,4,3,10
355,2,5,7,,,
356,3,7,1,4,,
357,4,3,8,7,6,
358,4,1,9,5,5,
359,2,4,1,,,
360,4,8,7,9,9,
361,1,10,,,,
362,5,1,9,4,4,9
363,2,10,1,,,
364,1,7,,,,
365,3,7,9,5,,
366,4,1,10,3,2,
367,1,8,,,,
368,2,5,7,,,
369,1,10,,,,
370,4,4,2,1,5,
371,2,9,1,,,
372,5,4,9,2,2,8
373,3,6,2,5,,
374,4,8,9,5,6,
375,5,10,7,7,9,5
376,2,10,2,,,
377,3,6,1,3,,
378,4,6,7,6,6,
379,1,7,,,,
380,5,10,4,1,7,1
381,5,4,8,8,5,3
382,1,5,,,,
383,2,3,10,,,
384,4,4,9,3,7,
385,5,2,4,2,8,4
386,4,10,7,7,8,
387,2,5,6,,,
388,1,3,,,,
389,5,4,5,9,6,6
390,3,1,3,1,,
391,3,1,2,1,,
392,2,2,8,,,
393,4,9,6,5,2,
394,4,4,7,9,9,
395,3,6,2,10,,
396,3,5,8,8,,
397,5,8,8,9,5,3
398,4,5,8,10,1,
399,5,4,6,5,3,9
400,2,3,7,,,
401,5,3,4,2,3,6
402,5,5,10,8,10,8
403,2,4,8,,,
404,2,9,10,,,
405,5,6,6,2,7,3
406,4,2,2,3,7,
407,1,1,,,,
408,2,9,2,,,
409,3,7,8,4,,
410,3,8,10,8,,
411,1,9,,,,
412,1,3,,,,
413,5,7,5,10,4,2
414,3,8,4,2,,
415,5,10,7,9,1,4
416,2,6,7,,,
417,4,6,9,1,5,
418,5,4,7,6,5,6
419,3,10,6,6,,
420,4,10,10,4,7,
421,3,3,10,8,,
422,3,8,2,4,,
423,5,2,8,1,4,3
424,5,8,8,4,4,5
425,4,3,1,2,2,
426,1,1,,,,
427,5,10,2,9,5,4
428,1,9,,,,
429,5,4,1,8,6,2
430,3,2,9,10,,
431,2,6,10,,,
432,4,10,10,9,2,
433,3,2,7,8,,
434,3,4,5,1,,
435,3,1,7,10,,
436,2,9,8,,,
437,2,10,2,,,
438,2,1,3,,,
439,1,1,,,,
440,3,4,3,5,,
441,3,3,7,9,,
442,3,3,5,3,,
443,3,2,5,4,,
444,2,3,5,,,
445,4,7,10,3,5,
446,2,7,4,,,
447,4,2,4,4,4,
448,3,1,5,6,,
449,1,7,,,,
450,3,2,6,5,,
451,3,4,3,7,,
452,2,1,2,,,
453,5,8,4,2,6,3
454,5,7,2,2,8,4
455,4,8,5,7,3,
456,1,8,,,,
457,5,8,4,8,9,3
458,5,5,3,1,6,6
459,1,6,,,,
460,5,2,6,7,10,2
461,3,10,9,1,,
462,1,2,,,,
463,1,1,,,,
464,4,3,1,10,6,
465,1,4,,,,
466,5,3,3,7,10,6
467,3,7,6,3,,
468,1,4,,,,
469,2,8,3,,,
470,3,7,3,4,,
471,4,3,9,9,3,
472,3,6,6,7,,
473,4,3,4,8,9,
474,2,8,2,,,
475,5,3,8,3,8,8
476,1,10,,,,
477,5,2,2,7,6,1
478,3,3,9,8,,
479,1,3,,,,
480,5,8,2,10,7,1
481,4,3,8,10,5,
482,1,5,,,,
483,5,7,3,3,7,7
484,4,9,4,3,5,
485,1,7,,,,
486,1,1,,,,
487,1,4,,,,
488,4,6,10,6,8,
489,3,8,9,7,,
490,1,8,,,,
491,5,10,9,1,4,10
492,1,3,,,,
493,1,10,,,,
494,3,5,1,2,,
495,2,2,3,,,
496,4,1,7,5,3,
497,4,3,7,5,5,
498,3,3,3,4,,
499,1,7,,,,
500,2,3,8,,,
501,3,2,10,4,,
502,4,3,6,9,1,
503,3,3,5,3,,
504,3,2,5,10,,
505,2,4,6,,,
506,2,1,4,,,
507,5,4,1,10,6,1
508,5,2,10,10,10,7
509,3,8,7,10,,
510,3,1,5,4,,
511,3,10,2,4,,
512,1,9,,,,
513,3,5,6,1,,
514,4,1,8,9,1,
515,3,1,6,9,,
516,3,5,1,5,,
517,3,3,7,10,,
518,4,6,3,9,7,
519,4,2,1,1,9,
520,2,5,8,,,
521,2,6,1,,,
522,5,4,5,3,10,8
523,2,9,3,,,
524,3,5,4,9,,
525,2,1,3,,,
526,2,2,10,,,
527,4,5,6,3,5,
528,5,5,4,9,9,5
529,5,3,9,7,8,4
530,3,9,6,7,,
531,4,8,4,9,7,
532,3,5,5,5,,
533,4,6,10,3,4,
534,4,5,7,7,3,
535,2,10,7,,,
536,4,4,9,3,9,
537,5,3,8,2,6,3
538,1,9,,,,
539,5,8,7,4,2,6
540,5,10,6,9,6,5
541,4,7,3,9,8,
542,1,8,,,,
543,1,9,,,,
544,2,2,2,,,
545,2,2,5,,,
546,4,10,4,3,5,
547,5,9,3,3,4,7
548,1,10,,,,
549,5,4,1,7,8,2
550,2,3,1,,,
551,1,5,,,,
552,4,4,9,6,8,
553,2,9,6,,,
554,4,8,7,6,7,
555,4,7,9,10,7,
556,5,9,5,8,7,5
557,3,8,1,4,,
558,4,1,3,9,4,
559,5,8,4,9,10,10
560,2,6,6,,,
561,4,5,7,10,5,
562,2,4,3,,,
563,3,10,10,5,,
564,4,5,4,6,3,
565,1,5,,,,
566,4,4,9,2,6,
567,3,6,8,1,,
568,2,10,6,,,
569,3,8,9,7,,
570,3,7,5,6,,
571,1,8,,,,
572,3,2,3,8,,
573,3,5,10,4,,
574,4,2,4,4,3,
575,1,7,,,,
576,5,10,2,8,7,4
577,2,5,8,,,
578,3,7,1,2,,
579,2,2,4,,,
580,2,2,4,,,
581,4,8,3,5,10,
582,5,2,8,7,6,4
583,5,3,5,4,9,9
584,1,2,,,,
585,4,3,9,3,8,
586,1,6,,,,
587,3,8,9,8,,
588,5,2,3,9,1,5
589,4,2,5,10,4,
590,1,5,,,,
591,2,3,8,,,
592,5,10,10,8,7,2
593,2,1,8,,,
594,4,6,9,8,7,
595,3,10,10,1,,
596,2,2,6,,,
597,3,10,4,4,,
598,3,7,3,6,,
599,2,8,2,,,
600,2,4,3,,,
601,2,6,3,,,
602,1,7,,,,
603,3,3,5,1,,
604,4,3,10,5,9,
605,5,3,9,8,6,2
606,2,7,5,,,
607,1,3,,,,
608,4,5,1,6,5,
609,1,8,,,,
610,1,1,,,,
611,2,4,2,,,
612,1,4,,,,
613,3,5,2,6,,
614,5,8,10,7,10,4
615,1,3,,,,
616,5,8,8,7,5,3
617,5,5,7,10,7,9
618,1,3,,,,
619,4,10,1,1,7,
620,5,4,3,1,2,7
621,5,5,9,7,7,5
622,1,1,,,,
623,2,4,7,,,
624,2,4,6,,,
625,3,3,9,8,,
626,2,2,4,,,
627,1,10,,,,
628,3,2,10,1,,
629,2,4,7,,,
630,2,2,6,,,
631,3,1,2,3,,
632,1,7,,,,
633,3,6,7,4,,
634,3,5,7,9,,
635,3,2,6,3,,
636,2,7,8,,,
637,1,1,,,,
638,3,6,7,8,,
639,5,4,2,1,4,8
640,1,1,,,,
641,2,4,2,,,
642,5,6,3,8,4,2
643,5,3,3,8,4,2
644,3,7,3,1,,
645,4,7,10,4,10,
646,1,1,,,,
647,1,7,,,,
648,1,6,,,,
649,4,7,8,6,3,
650,2,1,9,,,
651,5,7,3,1,7,3
652,4,9,2,2,9,
653,5,3,1,6,7,9
654,3,3,3,4,,
655,5,1,9,10,9,2
656,5,1,9,8,2,4
657,4,2,10,1,6,
658,2,2,9,,,
659,5,7,10,6,10,8
660,2,9,8,,,
661,5,5,6,4,6,1
662,5,5,7,6,5,7
663,1,4,,,,
664,1,4,,,,
665,3,6,3,9,,
666,5,6,4,10,2,8
667,5,2,8,3,7,8
668,1,9,,,,
669,3,2,1,8,,
670,5,8,2,2,1,2
671,3,10,2,9,,
672,1,10,,,,
673,1,10,,,,
674,1,10,,,,
675,5,2,10,2,2,8
676,3,10,10,3,,
677,5,3,3,10,2,5
678,2,4,5,,,
679,1,8,,,,
680,5,8,6,10,2,10
681,3,2,6,8,,
682,1,7,,,,
683,1,10,,,,
684,2,9,1,,,
685,4,7,2,10,6,
686,1,3,,,,
687,2,3,9,,,
688,3,3,10,9,,
689,4,10,6,5,8,
690,1,2,,,,
691,2,2,6,,,
692,1,10,,,,
693,2,9,3,,,
694,2,9,4,,,
695,4,2,3,9,10,
696,2,2,8,,,
697,5,4,1,7,7,3
698,2,4,5,,,
699,2,9,9,,,
700,1,7,,,,
701,5,8,2,3,6,7
702,3,2,2,6,,
703,3,6,1,7,,
704,5,4,3,5,3,8
705,3,10,6,5,,
706,3,1,6,2,,
707,3,3,8,10,,
708,3,2,9,9,,
709,4,3,6,4,1,
710,2,7,1,,,
711,1,3,,,,
712,4,5,2,8,3,
713,2,7,4,,,
714,3,8,1,8,,
715,2,6,10,,,
716,1,6,,,,
717,2,8,1,,,
718,5,8,5,5,4,4
719,3,2,8,10,,
720,2,8,4,,,
721,5,9,7,1,10,6
722,2,5,4,,,
723,1,7,,,,
724,4,9,6,8,6,
725,5,10,4,1,5,2
726,4,2,7,6,4,
727,3,1,9,5,,
728,1,8,,,,
729,4,2,8,4,8,
730,5,3,8,10,1,9
731,5,10,7,1,10,1
732,1,7,,,,
733,3,10,1,6,,
734,4,7,2,6,8,
735,4,3,1,8,8,
736,4,10,1,6,10,
737,2,2,4,,,
738,4,4,10,1,3,
739,3,6,1,10,,
740,1,5,,,,
741,3,2,5,2,,
742,4,7,9,6,2,
743,1,9,,,,
744,3,1,10,2,,
745,3,7,2,6,,
746,2,6,1,,,
747,2,6,4,,,
748,1,8,,,,
749,4,5,4,9,2,
750,2,7,8,,,
751,5,6,9,7,5,4
752,3,4,10,7,,
753,5,1,9,3,9,5
754,2,3,8,,,
755,5,4,1,6,6,6
756,2,2,6,,,
757,1,2,,,,
758,2,8,7,,,
759,1,4,,,,
760,1,3,,,,
761,3,8,8,1,,
762,3,10,7,1,,
763,3,2,6,7,,
764,5,6,8,9,7,4
765,1,3,,,,
766,3,6,5,8,,
767,2,7,4,,,
768,3,2,6,10,,
769,5,5,3,10,5,1
770,3,10,6,1,,
771,5,6,10,5,1,8
772,4,10,3,8,1,
773,2,3,3,,,
774,1,1,,,,
775,4,4,7,6,7,
776,3,3,4,4,,
777,5,1,10,6,7,4
778,4,9,3,8,1,
779,4,7,1,3,6,
780,4,7,2,2,1,
781,2,10,2,,,
782,1,8,,,,
783,2,3,2,,,
784,2,10,3,,,
785,3,5,10,5,,
786,1,9,,,,
787,2,3,2,,,
788,1,8,,,,
789,2,7,9,,,
790,3,2,10,3,,
791,4,6,9,8,4,
792,3,1,8,9,,
793,3,2,6,9,,
794,1,8,,,,
795,2,3,10,,,
796,2,9,3,,,
797,2,4,5,,,
798,4,9,4,6,9,
799,2,9,1,,,
800,1,4,,,,
801,5,6,8,3,8,1
802,4,4,6,3,5,
803,1,2,,,,
804,4,4,10,10,7,
805,2,7,7,,,
806,2,3,8,,,
807,1,4,,,,
808,5,3,3,5,10,4
809,1,4,,,,
810,1,7,,,,
811,2,4,9,,,
812,2,7,7,,,
813,3,5,9,5,,
814,2,4,9,,,
815,3,3,7,1,,
816,4,7,1,10,4,
817,4,6,2,8,10,
818,3,6,4,7,,
819,2,3,1,,,
820,1,3,,,,
821,3,9,4,9,,
822,2,6,6,,,
823,3,10,10,7,,
824,4,9,5,5,9,
825,4,8,5,1,1,
826,3,9,1,2,,
827,4,7,3,8,7,
828,2,9,7,,,
829,5,3,1,10,6,1
830,1,5,,,,
831,2,4,2,,,
832,3,5,9,10,,
833,1,2,,,,
834,3,8,5,10,,
835,1,7,,,,
836,4,7,3,6,6,
837,4,2,6,8,8,
838,1,8,,,,
839,2,8,4,,,
840,5,2,4,4,6,4
841,1,2,,,,
842,2,2,6,,,
843,5,10,4,5,8,5
844,3,1,10,3,,
845,1,8,,,,
846,3,10,6,8,,
847,2,1,1,,,
848,5,2,1,1,6,9
849,3,9,7,1,,
850,3,6,5,3,,
851,3,7,2,4,,
852,2,7,2,,,
853,2,7,8,,,
854,2,4,2,,,
855,2,3,3,,,
856,5,5,6,6,10,5
857,4,6,6,5,5,
858,1,8,,,,
859,3,10,3,6,,
860,3,4,3,9,,
861,5,9,7,5,9,6
862,3,6,5,5,,
863,5,8,2,6,1,3
864,3,1,4,5,,
865,5,10,6,4,6,7
866,5,1,8,1,2,1
867,4,5,9,10,4,
868,1,2,,,,
869,5,5,3,9,3,5
870,3,8,7,1,,
871,2,1,4,,,
872,1,1,,,,
873,5,5,4,5,10,8
874,5,4,1,5,1,2
875,4,5,5,5,6,
876,3,6,9,8,,
877,5,6,10,3,7,8
878,2,3,5,,,
879,5,9,10,4,8,10
880,3,1,3,4,,
881,5,2,3,7,10,1
882,4,8,8,10,4,
883,5,7,9,2,2,7
884,5,10,4,6,10,3
885,5,3,1,8,1,3
886,5,4,7,7,1,7
887,5,9,1,3,2,8
888,5,6,2,9,5,10
889,4,10,4,7,2,
890,1,5,,,,
891,3,5,6,1,,
892,5,2,4,9,3,4
893,3,2,7,10,,
894,2,5,10,,,
895,1,1,,,,
896,1,1,,,,
897,5,7,2,3,1,3
898,1,9,,,,
899,4,10,9,7,1,
900,1,1,,,,
901,1,6,,,,
902,4,7,9,8,8,
903,4,10,4,10,6,
904,1,6,,,,
905,3,4,5,4,,
906,5,7,10,5,6,1
907,4,9,3,8,5,
908,4,9,7,10,8,
909,2,6,8,,,
910,2,9,7,,,
911,5,3,7,10,3,6
912,2,6,9,,,
913,1,4,,,,
914,1,6,,,,
915,3,9,3,5,,
916,4,8,9,10,1,
917,1,10,,,,
918,5,6,5,8,3,4
919,1,6,,,,
920,4,4,10,9,6,
921,2,5,1,,,
922,1,6,,,,
923,2,10,8,,,
924,2,3,3,,,
925,2,5,1,,,
926,5,1,2,5,6,8
927,4,8,10,1,4,
928,2,4,7,,,
929,1,9,,,,
930,5,3,5,7,5,10
931,4,3,2,6,10,
932,4,3,6,8,3,
933,2,4,6,,,
934,3,8,1,10,,
935,5,8,9,3,5,5
936,1,10,,,,
937,1,8,,,,
938,1,6,,,,
939,5,10,4,7,4,6
940,4,3,9,4,10,
941,1,9,,,,
942,3,10,2,1,,
943,5,9,4,6,8,1
944,1,4,,,,
945,5,8,5,7,2,9
946,1,2,,,,
947,3,9,7,10,,
948,4,6,9,8,1,
949,5,5,4,6,5,9
950,2,3,8,,,
951,4,5,3,8,2,
952,2,3,7,,,
953,5,3,3,3,6,5
954,4,8,8,1,3,
955,2,5,5,,,
956,1,1,,,,
957,4,1,2,4,3,
958,2,8,3,,,
959,3,1,1,10,,
960,5,1,3,7,8,6
961,3,6,7,5,,
962,5,8,1,10,1,8
963,1,1,,,,
964,3,7,4,7,,
965,2,4,1,,,
966,5,6,3,4,8,1
967,3,5,4,6,,
968,2,7,10,,,
969,5,10,10,9,7,8
970,2,6,2,,,
971,2,1,9,,,
972,3,8,3,5,,
973,4,6,4,9,5,
974,5,8,7,5,10,4
975,2,3,4,,,
976,4,9,7,9,8,
977,5,4,9,7,10,7
978,4,8,5,7,10,
979,2,5,3,,,
980,2,6,7,,,
981,1,7,,,,
982,3,5,4,6,,
983,2,1,6,,,
984,2,2,6,,,
985,1,7,,,,
986,3,9,7,10,,
987,5,10,5,8,1,8
988,3,1,6,2,,
989,2,7,9,,,
990,2,7,2,,,
991,3,2,5,6,,
992,4,3,5,9,8,
993,5,10,3,10,10,1
994,3,8,8,9,,
995,4,3,10,2,9,
996,4,8,4,6,4,
997,3,2,6,1,,
998,4,10,9,4,1,
999,3,7,5,8,,
1000,4,3,7,8,1,
1001,2,5,7,,,
1002,4,10,1,10,6,
1003,3,8,10,6,,
1004,5,4,1,10,8,6
1005,5,4,5,5,4,8
1006,1,7,,,,
1007,2,6,8,,,
1008,1,10,,,,
1009,5,9,8,1,1,2
1010,1,2,,,,
1011,4,7,8,2,1,
1012,4,4,10,10,1,
1013,2,6,9,,,
1014,1,4,,,,
1015,2,2,7,,,
1016,4,3,8,7,3,
1017,3,2,4,4,,
1018,5,3,6,10,9,5
1019,1,8,,,,
1020,5,5,3,10,10,4
1021,3,3,10,10,,
1022,3,10,5,6,,
1023,4,7,6,4,3,
1024,4,1,10,10,7,
1025,5,7,9,10,3,9
1026,5,8,2,2,6,4
1027,3,7,1,5,,
1028,4,1,4,1,2,
1029,2,1,6,,,
1030,2,2,4,,,
1031,2,9,8,,,
1032,2,2,4,,,
1033,5,2,8,10,2,5
1034,1,7,,,,
1035,2,2,10,,,
1036,4,7,10,2,7,
1037,1,1,,,,
1038,2,4,3,,,
1039,1,5,,,,
1040,5,2,1,7,8,5
1041,1,7,,,,
1042,3,3,5,1,,
1043,3,5,4,6,,
1044,3,4,6,4,,
1045,1,1,,,,
1046,3,10,5,10,,
1047,4,9,5,3,4,
1048,5,6,6,8,4,2
1049,4,3,9,9,2,
1050,1,2,,,,
1051,5,3,10,6,4,2
1052,5,7,1,9,2,9
1053,2,4,8,,,
1054,3,1,1,10,,
1055,3,9,6,5,,
1056,2,2,3,,,
1057,1,6,,,,
1058,4,5,7,1,10,
1059,1,8,,,,
1060,4,3,1,4,9,
1061,4,6,9,5,1,
1062,5,10,3,8,1,2
1063,2,6,1,,,
1064,1,8,,,,
1065,2,10,6,,,
1066,2,10,7,,,
1067,2,8,3,,,
1068,2,3,9,,,
1069,2,10,8,,,
1070,4,10,8,7,7,
1071,5,7,6,10,1,2
1072,5,4,1,2,6,2
1073,4,7,5,6,5,
1074,3,9,1,2,,
1075,1,4,,,,
1076,1,3,,,,
1077,4,2,9,3,4,
1078,4,2,4,5,4,
1079,1,10,,,,
1080,5,7,6,4,3,8
1081,2,10,10,,,
1082,5,1,10,10,5,6
1083,3,4,10,4,,
1084,4,9,8,7,5,
1085,3,4,3,7,,
1086,2,2,5,,,
1087,4,6,9,1,3,
1088,1,3,,,,
1089,1,7,,,,
1090,5,1,5,9,9,4
1091,4,3,5,1,6,
1092,5,10,10,9,9,1
1093,3,6,6,8,,
1094,3,5,2,7,,
1095,3,2,1,9,,
1096,4,4,3,2,2,
1097,4,8,7,4,1,
1098,3,2,6,3,,
1099,3,3,8,6,,
1100,5,8,1,1,10,1
1101,4,9,1,7,2,
1102,4,10,2,3,4,
1103,3,5,8,9,,
1104,4,5,7,4,5,
1105,3,5,10,6,,
1106,3,8,3,10,,
1107,1,3,,,,
1108,3,4,4,7,,
1109,4,9,9,3,10,
1110,1,5,,,,
1111,5,8,6,3,6,3
1112,3,6,3,10,,
1113,2,6,2,,,
1114,3,3,10,3,,
1115,4,6,2,10,4,
1116,5,4,9,1,1,5
1117,4,5,2,10,2,
1118,3,8,7,4,,
1119,1,3,,,,
1120,3,8,5,5,,
1121,4,7,2,3,8,
1122,3,1,6,4,,
1123,3,9,1,2,,
1124,5,10,10,7,5,5
1125,4,4,9,7,4,
1126,2,8,3,,,
1127,2,2,3,,,
1128,4,2,10,9,1,
1129,5,6,4,3,3,8
1130,1,5,,,,
1131,2,8,8,,,
1132,1,5,,,,
1133,5,2,2,6,2,10
1134,3,10,5,9,,
1135,5,6,7,4,4,3
1136,1,10,,,,
1137,4,1,3,6,10,
1138,5,3,1,4,7,7
1139,3,2,2,4,,
1140,1,8,,,,
1141,4,6,10,1,6,
1142,5,9,3,5,4,6
1143,2,4,1,,,
1144,2,10,9,,,
1145,3,10,9,6,,
1146,3,6,5,4,,
1147,4,2,4,5,7,
1148,3,8,2,5,,
1149,5,3,4,5,4,1
1150,3,10,4,6,,
1151,2,3,2,,,
1152,3,6,8,6,,
1153,5,6,1,6,10,4
1154,2,9,1,,,
1155,5,5,7,7,5,7
1156,4,6,2,9,1,
1157,5,10,2,1,4,7
1158,5,8,2,10,6,3
1159,5,10,1,4,9,3
1160,4,7,2,1,8,
1161,5,2,4,1,3,9
1162,2,8,9,,,
1163,3,9,4,5,,
1164,5,10,2,2,9,9
1165,1,7,,,,
1166,2,9,9,,,
1167,3,6,3,4,,
1168,5,9,5,3,5,4
1169,3,3,4,1,,
1170,3,1,1,6,,
1171,1,8,,,,
1172,4,7,8,1,2,
1173,2,4,1,,,
1174,2,5,4,,,
1175,4,6,7,4,6,
1176,5,3,9,9,7,5
1177,3,2,1,3,,
1178,2,9,2,,,
1179,4,4,5,6,4,
1180,3,9,10,10,,
1181,3,4,1,3,,
1182,5,1,10,1,2,7
1183,3,9,1,4,,
1184,1,1,,,,
1185,3,1,7,3,,
1186,5,5,10,7,7,9
1187,1,3,,,,
1188,5,4,5,5,3,1
1189,1,5,,,,
1190,1,10,,,,
1191,1,8,,,,
1192,3,10,1,5,,
1193,4,10,9,2,4,
1194,5,7,2,9,2,8
1195,1,3,,,,
1196,3,7,7,8,,
1197,3,9,2,1,,
1198,1,4,,,,
1199,1,9,,,,
1200,3,8,9,4,,
1201,1,2,,,,
1202,1,6,,,,
1203,3,3,8,2,,
1204,5,5,3,1,8,9
1205,3,6,6,10,,
1206,1,10,,,,
1207,3,7,4,1,,
1208,4,8,7,3,1,
1209,1,2,,,,
1210,4,9,1,2,2,
1211,2,9,6,,,
1212,2,6,1,,,
1213,4,10,9,4,7,
1214,2,1,1,,,
1215,1,7,,,,
1216,3,2,10,8,,
1217,5,4,9,2,9,10
1218,2,7,1,,,
1219,2,2,5,,,
1220,1,7,,,,
1221,2,4,6,,,
1222,3,3,9,1,,
1223,5,4,7,7,2,10
1224,4,10,8,1,6,
1225,2,3,3,,,
1226,2,2,8,,,
1227,1,6,,,,
1228,5,2,3,6,8,3
1229,4,2,9,4,4,
1230,1,1,,,,
1231,4,9,8,4,10,
1232,2,4,1,,,
1233,2,10,4,,,
1234,4,4,2,9,5,
1235,1,3,,,,
1236,4,7,10,2,8,
1237,1,1,,,,
1238,1,8,,,,
1239,2,8,10,,,
1240,5,2,9,4,3,1
1241,4,6,6,8,7,
1242,5,7,4,6,9,10
1243,3,10,2,5,,
1244,2,3,6,,,
1245,5,1,2,4,8,6
1246,2,9,5,,,
1247,4,2,9,3,4,
1248,5,5,7,3,4,7
1249,5,4,2,8,4,4
1250,3,2,2,2,,
1251,5,2,3,1,6,2
1252,2,3,7,,,
1253,4,7,9,9,9,
1254,1,3,,,,
1255,4,6,10,6,4,
1256,1,2,,,,
1257,1,4,,,,
1258,1,1,,,,
1259,5,1,3,8,5,10
1260,1,5,,,,
1261,2,8,9,,,
1262,3,1,7,10,,
1263,2,1,7,,,
1264,3,3,10,5,,
1265,1,7,,,,
1266,2,6,7,,,
1267,5,9,1,4,5,9
1268,2,10,8,,,
1269,5,4,3,2,1,4
1270,2,8,6,,,
1271,1,2,,,,
1272,2,3,4,,,
1273,2,1,3,,,
1274,2,10,1,,,
1275,1,10,,,,
1276,2,9,8,,,
1277,3,5,4,6,,
1278,5,8,2,1,5,2
1279,5,6,5,4,6,2
1280,3,8,2,9,,
1281,5,5,1,1,9,1
1282,5,7,9,9,10,1
1283,2,8,10,,,
1284,4,10,5,2,3,
1285,4,8,2,1,4,
1286,3,5,5,9,,
1287,3,6,5,4,,
1288,4,4,3,10,7,
1289,5,5,6,10,6,8
1290,1,4,,,,
1291,1,7,,,,
1292,5,4,3,6,2,1
1293,5,3,6,4,5,4
1294,4,8,7,7,2,
1295,1,5,,,,
1296,5,2,9,3,1,4
1297,3,4,4,7,,
1298,2,1,4,,,
1299,4,7,8,4,10,
1300,5,3,7,9,8,6
1301,5,3,9,8,6,9
1302,2,8,1,,,
1303,2,8,5,,,
1304,4,8,10,9,9,
1305,4,5,2,10,10,
1306,4,3,6,5,8,
1307,5,4,1,2,6,8
1308,5,6,4,8,2,9
1309,1,10,,,,
1310,1,9,,,,
1311,4,1,4,4,4,
1312,3,8,4,10,,
1313,4,8,4,9,8,
1314,3,9,8,4,,
1315,4,2,6,10,2,
1316,5,5,5,2,3,8
1317,3,7,2,5,,
1318,3,1,7,5,,
1319,5,4,8,9,4,1
1320,3,5,5,2,,
1321,2,6,5,,,
1322,4,4,10,9,10,
1323,1,7,,,,
1324,1,7,,,,
1325,4,10,7,9,2,
1326,5,2,9,8,9,5
1327,4,10,5,10,6,
1328,5,8,10,4,9,8
1329,3,9,9,3,,
1330,3,4,8,8,,
1331,2,6,9,,,
1332,4,9,4,4,8,
1333,3,9,5,1,,
1334,4,10,3,8,7,
1335,3,10,1,4,,
1336,1,1,,,,
1337,2,8,10,,,
1338,1,5,,,,
1339,2,9,3,,,
1340,1,9,,,,
1341,4,4,9,2,6,
1342,2,2,4,,,
1343,5,7,1,9,6,9
1344,2,3,3,,,
1345,5,3,9,5,10,8
1346,2,7,8,,,
1347,3,2,2,10,,
1348,1,6,,,,
1349,1,2,,,,
1350,5,7,7,7,6,9
1351,2,1,5,,,
1352,2,10,1,,,
1353,1,8,,,,
1354,1,7,,,,
1355,5,4,1,1,4,7
1356,5,7,2,3,5,9
1357,3,7,8,10,,
1358,1,8,,,,
1359,3,8,9,9,,
1360,5,2,4,9,5,1
1361,3,7,3,1,,
1362,3,5,2,2,,
1363,5,6,2,3,8,7
1364,3,1,3,2,,
1365,4,3,5,9,1,
1366,3,9,8,1,,
1367,3,6,9,8,,
1368,2,2,7,,,
1369,3,10,2,3,,
1370,1,1,,,,
1371,3,8,1,7,,
1372,5,6,2,10,2,8
1373,5,8,10,2,6,7
1374,4,10,8,1,7,
1375,4,1,1,3,6,
1376,3,2,7,9,,
1377,2,6,9,,,
1378,1,7,,,,
1379,5,10,6,5,5,8
1380,2,5,6,,,
1381,4,2,5,3,3,
1382,4,5,9,6,9,
1383,1,6,,,,
1384,1,9,,,,
1385,1,3,,,,
1386,2,2,1,,,
1387,4,5,1,10,1,
1388,2,3,3,,,
1389,4,5,8,9,5,
1390,4,1,1,2,10,
1391,2,9,7,,,
1392,1,7,,,,
1393,5,9,9,3,4,7
1394,2,3,9,,,
1395,1,7,,,,
1396,1,7,,,,
1397,2,1,9,,,
1398,5,2,10,10,7,1
1399,3,7,8,3,,
1400,1,4,,,,
1401,1,2,,,,
1402,4,4,2,2,4,
1403,4,2,1,6,2,
1404,4,1,1,1,1,
1405,2,9,6,,,
1406,5,10,6,1,8,5
1407,2,2,10,,,
1408,1,2,,,,
1409,1,5,,,,
1410,2,8,10,,,
1411,2,4,5,,,
1412,4,1,7,9,2,
1413,3,9,2,8,,
1414,2,5,3,,,
1415,4,8,7,9,3,
1416,3,7,1,1,,
1417,2,1,8,,,
1418,2,8,7,,,
1419,3,6,2,5,,
1420,5,8,7,8,5,2
1421,2,3,7,,,
1422,1,5,,,,
1423,4,5,8,3,5,
1424,1,8,,,,
1425,4,8,10,6,6,
1426,5,1,2,10,1,5
1427,2,2,2,,,
1428,5,7,10,6,4,10
1429,1,6,,,,
1430,1,7,,,,
1431,5,2,2,2,9,1
1432,1,1,,,,
1433,3,3,10,2,,
1434,5,3,10,8,10,4
1435,4,2,6,9,5,
1436,3,2,1,6,,
1437,4,4,5,4,3,
1438,3,1,8,1,,
1439,3,4,1,6,,
1440,3,2,1,1,,
1441,4,7,8,3,7,
1442,5,7,1,1,1,9
1443,4,7,8,8,3,
1444,5,6,4,5,1,6
1445,2,5,6,,,
1446,3,4,2,4,,
1447,4,5,3,7,5,
1448,5,7,8,7,6,1
1449,3,1,7,5,,
1450,4,1,9,2,6,
1451,5,9,10,9,4,1
1452,3,4,1,9,,
1453,4,2,1,2,9,
1454,4,5,4,10,10,
1455,5,1,8,8,9,8
1456,3,9,5,10,,
1457,4,3,5,4,2,
1458,4,10,9,4,10,
1459,2,5,3,,,
1460,5,2,8,7,6,9
1461,4,2,4,10,10,
1462,2,3,8,,,
1463,5,2,3,5,2,2
1464,2,5,3,,,
1465,2,1,7,,,
1466,4,2,10,8,8,
1467,5,10,5,9,4,9
1468,4,3,2,5,6,
1469,2,6,5,,,
1470,4,7,7,4,6,
1471,1,3,,,,
1472,4,10,8,1,6,
1473,4,9,8,8,10,
1474,4,7,1,7,4,
1475,2,7,3,,,
1476,3,3,5,2,,
1477,5,2,5,2,9,9
1478,3,7,10,8,,
1479,4,6,9,6,3,
1480,4,4,3,9,1,
1481,4,7,4,7,5,
1482,5,8,8,1,2,8
1483,2,6,6,,,
1484,3,5,2,3,,
1485,5,6,5,2,9,10
1486,2,4,1,,,
1487,1,5,,,,
1488,1,1,,,,
1489,2,8,4,,,
1490,3,6,8,3,,
1491,4,10,9,10,7,
1492,5,7,10,4,3,9
1493,2,9,7,,,
1494,3,8,2,3,,
1495,5,5,10,9,1,9
1496,1,7,,,,
1497,2,9,7,,,
1498,2,9,7,,,
1499,4,8,6,7,7,
1500,5,6,5,10,7,2
1501,1,1,,,,
1502,4,10,2,8,2,
1503,3,4,8,3,,
1504,1,6,,,,
1505,1,8,,,,
1506,1,7,,,,
1507,2,7,6,,,
1508,5,8,6,7,6,5
1509,2,8,2,,,
1510,5,4,2,8,9,3
1511,3,3,10,1,,
1512,1,5,,,,
1513,5,1,4,1,3,6
1514,3,5,7,4,,
1515,4,6,2,2,6,
1516,5,2,8,8,1,10
1517,1,6,,,,
1518,3,5,7,6,,
1519,2,2,2,,,
1520,2,9,2,,,
1521,4,5,5,9,3,
1522,4,8,5,9,5,
1523,3,8,4,1,,
1524,2,10,1,,,
1525,3,9,1,8,,
1526,4,10,7,1,6,
1527,1,1,,,,
1528,2,1,4,,,
1529,2,7,1,,,
1530,4,8,9,3,9,
1531,3,1,5,5,,
1532,5,10,6,5,6,5
1533,3,9,10,5,,
1534,4,1,6,7,10,
1535,3,1,3,2,,
1536,5,9,2,8,7,1
1537,1,4,,,,
1538,1,2,,,,
1539,5,6,1,9,4,8
1540,3,5,10,9,,
1541,1,5,,,,
1542,2,3,10,,,
1543,2,10,4,,,
1544,4,9,8,9,10,
1545,3,1,4,6,,
1546,3,9,3,3,,
1547,2,9,6,,,
1548,4,9,7,10,7,
1549,5,10,4,2,6,9
1550,1,4,,,,
1551,5,2,3,4,9,1
1552,3,7,9,4,,
1553,1,2,,,,
1554,1,9,,,,
1555,5,4,9,3,6,1
1556,3,4,9,2,,
1557,5,3,6,3,5,1
1558,2,4,6,,,
1559,5,6,7,1,8,5
1560,3,4,10,4,,
1561,5,7,3,8,1,10
1562,1,1,,,,
1563,1,6,,,,
1564,3,1,1,4,,
1565,5,7,8,10,10,10
1566,5,6,1,6,10,8
1567,1,5,,,,
1568,1,7,,,,
1569,1,4,,,,
1570,3,5,5,7,,
1571,3,1,1,10,,
1572,2,10,9,,,
1573,1,3,,,,
1574,1,2,,,,
1575,2,9,6,,,
1576,1,6,,,,
1577,3,7,10,6,,
1578,2,4,8,,,
1579,3,9,4,6,,
1580,3,1,7,8,,
1581,2,10,10,,,
1582,3,8,10,8,,
1583,4,3,6,9,6,
1584,2,5,3,,,
1585,1,6,,,,
1586,2,3,1,,,
1587,5,4,7,6,1,9
1588,4,2,6,8,4,
1589,4,3,4,6,10,
1590,5,8,8,10,3,8
1591,1,10,,,,
1592,5,7,2,6,8,4
1593,4,4,5,10,4,
1594,5,3,1,2,9,1
1595,4,4,6,1,2,
1596,1,4,,,,
1597,1,8,,,,
1598,3,6,6,6,,
1599,2,6,8,,,
1600,3,8,10,2,,
1601,3,6,9,5,,
1602,5,3,7,8,8,10
1603,4,1,9,5,2,
1604,1,7,,,,
1605,1,8,,,,
1606,1,10,,,,
1607,1,5,,,,
1608,4,10,9,3,7,
1609,2,10,3,,,
1610,5,9,3,2,4,9
1611,2,4,6,,,
1612,3,4,9,5,,
1613,3,8,10,1,,
1614,4,4,8,3,5,
1615,3,4,8,1,,
1616,1,1,,,,
1617,5,4,5,4,9,9
1618,1,10,,,,
1619,3,6,7,3,,
1620,3,2,4,7,,
1621,1,8,,,,
1622,4,4,1,2,1,
1623,1,3,,,,
1624,2,4,10,,,
1625,3,2,5,8,,
1626,3,3,2,4,,
1627,3,9,9,9,,
1628,2,6,9,,,
1629,3,1,7,5,,
1630,5,10,6,1,6,5
1631,2,6,5,,,
1632,5,2,6,7,7,8
1633,1,10,,,,
1634,1,3,,,,
1635,1,8,,,,
1636,1,10,,,,
1637,4,4,3,4,2,
1638,1,2,,,,
1639,3,9,7,4,,
1640,3,8,6,9,,
1641,5,2,9,1,5,1
1642,2,8,7,,,
1643,4,8,3,1,4,
1644,2,3,9,,,
1645,1,5,,,,
1646,3,5,4,6,,
1647,3,9,9,5,,
1648,1,2,,,,
1649,1,6,,,,
1650,2,2,5,,,
1651,1,7,,,,
1652,2,2,8,,,
1653,1,6,,,,
1654,3,8,1,10,,
1655,5,1,3,2,7,5
1656,2,7,10,,,
1657,1,5,,,,
1658,3,1,2,7,,
1659,1,2,,,,
1660,3,10,8,10,,
1661,5,5,1,6,4,4
1662,3,1,10,2,,
1663,4,10,3,1,2,
1664,2,7,9,,,
1665,1,3,,,,
1666,5,4,10,5,10,4
1667,2,4,4,,,
1668,3,9,6,10,,
1669,5,1,1,2,3,10
1670,2,2,1,,,
1671,5,4,1,8,7,3
1672,5,9,7,6,10,3
1673,3,10,2,1,,
1674,4,2,5,8,3,
1675,4,2,2,8,1,
1676,2,1,5,,,
1677,1,7,,,,
1678,2,6,9,,,
1679,3,10,9,8,,
1680,5,2,2,4,2,3
1681,4,1,2,4,3,
1682,2,6,8,,,
1683,2,4,10,,,
1684,2,8,5,,,
1685,4,4,3,8,8,
1686,1,9,,,,
1687,1,2,,,,
1688,2,3,2,,,
1689,5,4,8,10,8,8
1690,3,9,3,6,,
1691,2,5,6,,,
1692,2,10,5,,,
1693,3,8,6,7,,
1694,3,1,9,10,,
1695,3,6,7,4,,
1696,2,9,9,,,
1697,2,2,9,,,
1698,4,10,2,5,4,
1699,5,4,5,3,10,8
1700,2,7,1,,,
1701,4,7,10,4,2,
1702,4,10,10,5,8,
1703,4,7,7,3,4,
1704,4,1,6,9,6,
1705,5,2,5,10,7,3
1706,4,7,7,7,8,
1707,3,9,5,3,,
1708,4,5,4,5,1,
1709,2,9,1,,,
1710,3,7,6,5,,
1711,2,4,2,,,
1712,3,5,2,7,,
1713,1,3,,,,
1714,4,8,8,6,5,
1715,5,9,7,4,1,10
1716,2,7,6,,,
1717,3,5,8,5,,
1718,3,9,10,3,,
1719,3,5,5,8,,
1720,1,7,,,,
1721,3,4,4,1,,
1722,5,1,10,3,2,7
1723,2,2,9,,,
1724,3,5,7,7,,
1725,3,2,4,4,,
1726,2,2,2,,,
1727,5,1,3,2,1,8
1728,5,6,4,9,6,3
1729,5,8,6,10,5,1
1730,1,2,,,,
1731,4,8,9,5,3,
1732,4,4,3,1,8,
1733,5,10,2,1,6,9
1734,5,7,8,8,3,4
1735,1,3,,,,
1736,1,4,,,,
1737,3,3,6,5,,
1738,1,9,,,,
1739,2,2,10,,,
1740,5,9,9,5,10,9
1741,3,6,5,8,,
1742,1,10,,,,
1743,5,9,7,3,5,1
1744,3,5,4,3,,
1745,5,9,3,3,8,9
1746,4,10,7,3,1,
1747,2,3,8,,,
1748,5,5,3,4,10,1
1749,1,2,,,,
1750,1,5,,,,
1751,4,5,2,10,3,
1752,2,2,3,,,
1753,3,10,10,4,,
1754,5,10,2,6,6,10
1755,1,2,,,,
1756,5,3,10,2,9,7
1757,5,4,2,9,2,2
1758,1,6,,,,
1759,4,7,8,3,9,
1760,5,3,3,9,5,8
1761,5,3,8,2,9,7
1762,2,3,6,,,
1763,3,3,5,4,,
1764,5,8,2,8,6,5
1765,4,6,8,9,2,
1766,3,10,9,1,,
1767,3,1,2,7,,
1768,5,10,9,9,9,9
1769,5,1,1,10,5,8
1770,3,10,4,6,,
1771,1,4,,,,
1772,2,8,9,,,
1773,1,7,,,,
1774,4,9,5,5,4,
1775,2,4,9,,,
1776,4,10,10,8,7,
1777,5,2,4,5,6,7
1778,4,3,3,3,1,
1779,1,9,,,,
1780,2,3,4,,,
1781,1,2,,,,
1782,5,1,3,3,6,10
1783,3,8,10,1,,
1784,5,7,3,8,7,6
1785,2,3,2,,,
1786,4,6,8,1,7,
1787,5,10,9,5,5,4
1788,3,5,9,5,,
1789,5,5,7,2,10,1
1790,4,6,9,2,5,
1791,3,7,9,2,,
1792,2,5,3,,,
1793,1,7,,,,
1794,3,6,4,5,,
1795,5,8,10,5,8,5
1796,5,2,2,1,7,4
1797,1,10,,,,
1798,5,1,10,1,2,8
1799,4,10,1,8,7,
1800,5,9,5,4,7,8
1801,1,5,,,,
1802,2,2,7,,,
1803,5,10,10,1,10,1
1804,5,9,8,7,2,4
1805,4,9,10,9,10,
1806,5,5,4,8,3,1
1807,5,2,5,8,5,4
1808,4,5,9,3,9,
1809,2,10,2,,,
1810,4,9,1,7,1,
1811,3,8,5,4,,
1812,2,3,3,,,
1813,1,5,,,,
1814,2,5,3,,,
1815,1,7,,,,
1816,5,4,6,8,3,5
1817,5,7,10,3,9,1
1818,5,7,8,9,8,3
1819,3,5,4,8,,
1820,2,2,3,,,
1821,1,10,,,,
1822,2,8,10,,,
1823,5,5,9,8,6,9
1824,1,6,,,,
1825,5,3,9,9,7,8
1826,4,10,6,1,4,
1827,2,7,2,,,
1828,4,2,4,4,4,
1829,4,7,3,9,5,
1830,4,9,1,2,1,
1831,4,5,10,7,10,
1832,4,2,9,8,5,
1833,3,2,10,10,,
1834,2,8,5,,,
1835,1,7,,,,
1836,2,2,3,,,
1837,4,10,5,7,2,
1838,5,7,10,4,1,8
1839,3,9,9,7,,
1840,2,8,8,,,
1841,1,10,,,,
1842,2,8,4,,,
1843,2,6,7,,,
1844,4,6,8,5,1,
1845,2,3,5,,,
1846,3,8,2,2,,
1847,4,4,1,4,9,
1848,5,5,5,5,8,2
1849,4,5,2,3,8,
1850,3,2,2,4,,
1851,2,6,6,,,
1852,3,8,10,1,,
1853,5,6,5,1,10,10
1854,1,5,,,,
1855,2,2,10,,,
1856,1,8,,,,
1857,3,6,3,3,,
1858,5,7,2,7,10,3
1859,1,8,,,,
1860,2,2,8,,,
1861,1,6,,,,
1862,1,1,,,,
1863,4,1,8,4,5,
1864,4,9,9,4,10,
1865,5,10,5,5,5,6
1866,2,2,6,,,
1867,5,9,10,2,10,4
1868,5,8,7,2,6,1
1869,4,8,9,2,4,
1870,5,8,10,1,3,9
1871,4,10,8,2,4,
1872,5,2,10,5,8,5
1873,2,2,1,,,
1874,5,9,9,6,1,9
1875,5,10,7,7,1,6
1876,3,1,7,2,,
1877,4,1,10,8,6,
1878,2,8,7,,,
1879,5,7,7,2,6,7
1880,4,8,8,6,3,
1881,1,8,,,,
1882,4,1,5,10,1,
1883,5,1,2,8,2,9
1884,1,9,,,,
1885,2,6,4,,,
1886,5,10,4,9,3,6
1887,2,7,10,,,
1888,1,9,,,,
1889,3,8,2,9,,
1890,3,5,1,10,,
1891,3,1,7,9,,
1892,2,5,9,,,
1893,3,5,9,1,,
1894,3,5,9,7,,
1895,5,3,1,9,1,8
1896,4,10,4,10,5,
1897,3,10,9,7,,
1898,4,8,6,10,3,
1899,1,9,,,,
1900,4,7,7,6,6,
1901,4,9,2,8,9,
1902,2,2,7,,,
1903,2,3,8,,,
1904,1,4,,,,
1905,4,4,4,7,6,
1906,4,5,9,8,5,
1907,5,10,8,7,1,9
1908,1,3,,,,
1909,3,3,3,7,,
1910,5,4,1,8,9,3
1911,3,1,5,1,,
1912,1,1,,,,
1913,3,3,4,1,,
1914,2,2,4,,,
1915,2,8,4,,,
1916,5,3,1,7,9,7
1917,5,3,8,8,10,10
1918,5,6,5,5,8,7
1919,3,2,1,3,,
1920,5,6,9,3,1,4
1921,5,7,10,3,9,4
1922,3,9,1,9,,
1923,3,8,10,5,,
1924,5,2,9,3,4,1
1925,3,2,2,9,,
1926,2,7,10,,,
1927,3,10,4,3,,
1928,3,3,5,3,,
1929,1,2,,,,
1930,2,2,1,,,
1931,1,1,,,,
1932,3,10,10,2,,
1933,3,3,1,4,,
1934,5,5,10,10,2,8
1935,4,1,1,3,3,
1936,4,8,7,2,9,
1937,5,5,6,2,10,1
1938,4,4,5,2,8,
1939,3,9,5,2,,
1940,5,2,7,7,1,9
1941,4,9,6,3,2,
1942,2,1,2,,,
1943,4,1,1,2,2,
1944,3,1,8,9,,
1945,3,1,6,1,,
1946,2,8,5,,,
1947,1,6,,,,
1948,3,10,5,7,,
1949,1,8,,,,
1950,3,6,8,5,,
1951,3,7,8,7,,
1952,3,9,10,2,,
1953,1,4,,,,
1954,4,2,4,7,8,
1955,4,8,7,3,7,
1956,3,4,8,2,,
1957,1,2,,,,
1958,4,2,6,1,8,
1959,2,7,6,,,
1960,4,5,1,8,5,
1961,1,10,,,,
1962,4,5,10,10,10,
1963,1,6,,,,
1964,5,9,7,7,5,4
1965,4,1,1,3,8,
1966,2,2,2,,,
1967,5,3,10,6,6,5
1968,2,1,3,,,
1969,5,8,4,7,7,6
1970,5,2,10,3,7,3
1971,3,5,6,10,,
1972,4,4,10,6,2,
1973,2,8,9,,,
1974,1,6,,,,
1975,4,6,6,8,8,
1976,5,4,6,7,3,4
1977,1,10,,,,
1978,5,6,4,6,2,3
1979,4,10,2,6,5,
1980,1,1,,,,
1981,4,1,5,4,4,
1982,5,10,8,9,2,10
1983,4,8,6,8,6,
1984,1,5,,,,
1985,1,1,,,,
1986,1,10,,,,
1987,3,9,1,6,,
1988,2,1,1,,,
1989,1,7,,,,
1990,1,5,,,,
1991,5,3,10,8,1,3
1992,3,3,6,9,,
1993,2,4,1,,,
1994,4,2,4,10,7,
1995,4,7,3,1,4,
1996,3,5,4,2,,
1997,3,4,8,9,,
1998,3,6,9,3,,
1999,5,4,8,7,10,8
2000,2,8,7,,,
2001,4,1,10,2,10,
2002,1,8,,,,
2003,3,5,1,3,,
2004,2,6,8,,,
2005,4,6,5,9,3,
2006,3,10,3,2,,
2007,3,1,4,6,,
2008,4,10,5,6,10,
2009,2,7,1,,,
2010,1,6,,,,
2011,4,3,8,7,10,
2012,2,9,3,,,
2013,5,6,2,5,8,9
2014,3,1,4,10,,
2015,4,8,7,6,1,
2016,3,1,10,4,,
2017,3,9,4,9,,
2018,4,10,9,2,4,
2019,1,5,,,,
2020,5,7,9,4,1,9
2021,4,10,9,9,10,
2022,3,9,9,1,,
2023,1,10,,,,
2024,2,1,3,,,
2025,3,4,1,5,,
2026,5,4,1,3,4,4
2027,4,1,10,3,2,
2028,2,9,10,,,
2029,4,4,7,6,5,
2030,3,9,1,6,,
2031,2,5,1,,,
2032,2,9,10,,,
2033,1,2,,,,
2034,1,9,,,,
2035,2,8,10,,,
2036,5,4,10,3,6,6
2037,1,10,,,,
2038,4,8,10,1,7,
2039,1,1,,,,
2040,4,1,7,9,6,
2041,4,9,5,9,10,
2042,5,5,2,10,8,8
2043,4,7,9,2,5,
2044,3,1,7,3,,
2045,5,8,2,10,8,1
2046,2,2,1,,,
2047,4,5,9,7,4,
2048,5,3,5,9,5,2
2049,4,9,1,3,8,
2050,4,4,7,10,9,
2051,5,5,4,7,2,10
2052,1,9,,,,
2053,2,9,1,,,
2054,1,8,,,,
2055,2,2,6,,,
2056,1,5,,,,
2057,3,4,2,4,,
2058,5,1,1,6,3,1
2059,1,10,,,,
2060,4,10,3,5,5,
2061,5,7,3,10,6,10
2062,4,4,1,4,4,
2063,4,10,1,2,3,
2064,1,1,,,,
2065,1,5,,,,
2066,3,7,5,9,,
2067,5,9,3,9,1,4
2068,1,2,,,,
2069,5,2,7,7,7,2
2070,5,2,1,5,5,3
2071,3,1,2,1,,
2072,5,8,6,10,9,4
2073,5,4,5,9,2,5
2074,5,9,4,9,6,1
2075,1,7,,,,
2076,4,6,10,8,9,
2077,4,9,10,5,4,
2078,5,3,3,5,2,8
2079,5,5,7,8,2,9
2080,2,6,9,,,
2081,4,9,9,2,4,
2082,4,10,7,4,10,
2083,4,7,3,8,5,
2084,3,8,8,5,,
2085,4,2,9,6,5,
2086,3,7,8,6,,
2087,5,4,8,3,3,3
2088,1,5,,,,
2089,4,8,2,3,3,
2090,5,7,10,10,5,7
2091,5,4,4,9,8,3
2092,1,2,,,,
2093,4,5,4,10,7,
2094,2,7,4,,,
2095,3,2,4,5,,
2096,3,5,9,3,,
2097,5,3,7,5,8,6
2098,2,10,9,,,
2099,4,4,1,7,1,
2100,3,2,1,1,,
2101,5,2,3,10,5,9
2102,2,4,6,,,
2103,1,5,,,,
2104,2,3,4,,,
2105,5,10,4,3,4,2
2106,5,6,3,7,6,7
2107,3,6,6,7,,
2108,4,9,6,3,4,
2109,4,7,2,10,2,
2110,2,4,3,,,
2111,5,4,7,1,2,9
2112,1,10,,,,
2113,3,4,4,7,,
2114,5,6,1,8,6,3
2115,3,10,5,6,,
2116,3,2,10,1,,
2117,2,10,6,,,
2118,5,9,7,6,3,8
2119,2,1,1,,,
2120,1,3,,,,
2121,3,5,6,1,,
2122,3,5,9,8,,
2123,4,4,1,1,5,
2124,4,4,5,4,4,
2125,5,2,2,7,2,8
2126,4,4,7,3,5,
2127,1,10,,,,
2128,5,7,2,4,9,7
2129,2,5,5,,,
2130,4,7,5,5,7,
2131,1,5,,,,
2132,4,1,10,3,6,
2133,3,7,2,6,,
2134,4,1,1,5,9,
2135,3,3,5,9,,
2136,1,5,,,,
2137,4,2,5,6,2,
2138,5,10,2,10,10,2
2139,3,7,3,9,,
2140,1,3,,,,
2141,1,5,,,,
2142,5,9,9,5,7,7
2143,1,2,,,,
2144,1,8,,,,
2145,4,2,10,1,6,
2146,2,9,3,,,
2147,2,4,7,,,
2148,3,8,7,4,,
2149,2,7,5,,,
2150,5,7,10,6,4,7
2151,4,5,4,8,5,
2152,5,5,2,1,10,10
2153,3,2,7,3,,
2154,3,7,10,4,,
2155,4,3,2,6,6,
2156,1,1,,,,
2157,4,9,10,9,7,
-1