10,5,2090,3354,585,3016,3222
11,4,516,815,2663,1467,
12,1,941,,,,
13,3,3425,2726,3615,,
14,3,1509,3742,986,,
15,4,1380,2296,711,2562,
16,5,1850,872,1587,1820,3638
17,3,1486,2807,3376,,
18,5,3302,1784,221,672,2263
19,3,662,839,487,,
20,1,783,,,,
21,1,3723,,,,
22,2,756,707,,,
23,5,2151,292,3174,1754,799
24,3,3241,2388,1491,,
25,5,1368,3253,1617,1250,560
26,3,2660,1457,2010,,
27,5,1182,2456,3557,3500,2007
28,5,2764,3329,1194,2555,1435
29,1,3342,,,,
30,2,1257,380,,,
31,3,3826,1607,3768,,
32,4,3923,161,3506,3750,
33,5,100,871,2303,850,357
34,3,1410,488,653,,
35,5,1414,3424,2213,2083,921
36,3,3443,177,70,,
37,3,721,674,1079,,
38,5,71,3246,845,3512,171
39,3,1201,2715,2080,,
40,2,1029,3183,,,
41,4,616,1873,3254,3801,
42,1,1999,,,,
43,3,3430,447,248,,
44,3,2523,3253,770,,
45,2,800,3401,,,
46,1,611,,,,
47,1,252,,,,
48,1,3828,,,,
49,5,21,908,690,3058,491
50,2,57,3395,,,
51,3,2831,3934,2002,,
52,1,145,,,,
53,5,3039,1121,2763,1590,266
54,5,1439,2322,301,1207,1589
55,3,3927,451,2555,,
56,4,241,2924,3847,3815,
57,4,2648,582,1255,76,
58,1,1561,,,,
59,5,98,3414,3455,90,152
60,2,1304,75,,,
61,5,2586,3119,1755,2067,1812
62,5,227,1039,747,19,1353
63,5,3066,3075,2147,1420,3074
64,1,1099,,,,
65,5,2805,180,2492,2803,2761
66,3,1931,1143,386,,
67,2,83,1976,,,
68,4,1835,417,1061,2209,
69,1,1264,,,,
70,4,986,749,2406,1685,
71,5,3348,1945,1821,212,1986
72,2,2051,2346,,,
73,3,3901,2174,3364,,
74,2,3114,1044,,,
75,3,3262,1649,1287,,
76,1,279,,,,
77,1,212,,,,
78,5,1687,1827,623,1395,3109
79,2,2089,2989,,,
80,2,2878,825,,,
81,1,906,,,,
82,2,3252,3139,,,
83,4,1250,2795,39,2823,
84,5,2165,2053,1299,349,1709
85,2,3391,3639,,,
86,2,1804,631,,,
87,4,1442,2527,1017,69,
88,5,1257,1828,915,1350,1232
89,1,3632,,,,
90,4,3216,538,1228,2905,
91,4,2095,1482,2251,3504,
92,5,680,1480,215,765,1794
93,5,931,3291,1009,3347,2186
94,5,1859,1429,1970,292,1902
95,3,1872,2029,3485,,
96,3,3438,3867,1582,,
97,3,497,479,1137,,
98,1,407,,,,
99,5,3409,647,2537,3607,3889
100,2,2681,3179,,,
101,4,2135,1871,1714,1235,
102,2,2693,1644,,,
103,3,1995,460,3377,,
104,1,1777,,,,
105,5,3907,1305,2288,424,672
106,5,2565,2655,2815,701,3043
107,1,737,,,,
108,1,347,,,,
109,4,3731,3191,1506,931,
110,5,2205,1044,1098,2730,647
111,5,2251,1930,3548,1223,2516
112,1,1905,,,,
113,3,1064,3510,311,,
114,5,3657,637,3440,56,1947
115,4,190,2605,1763,1319,
116,2,2156,936,,,
117,1,765,,,,
118,4,1908,3353,776,1070,
119,1,2274,,,,
120,1,1216,,,,
121,1,1615,,,,
122,4,1870,2452,2256,1312,
123,3,2274,167,3023,,
124,5,3581,928,3263,2347,2385
125,2,808,1804,,,
126,3,644,1461,3639,,
127,2,651,2281,,,
128,1,810,,,,
129,1,3394,,,,
130,1,1055,,,,
131,5,191,2336,1166,2020,1124
132,2,1025,1294,,,
133,3,3254,2091,2375,,
134,2,118,1643,,,
135,2,1502,2538,,,
136,1,2242,,,,
137,3,3691,3636,2275,,
138,5,277,1020,1493,3077,2821
139,2,1986,2313,,,
140,2,2765,1266,,,
141,3,544,598,552,,
142,2,729,1214,,,
143,5,140,1164,2167,461,2728
144,2,1525,1557,,,
145,1,745,,,,
146,1,2293,,,,
147,1,3104,,,,
148,1,2412,,,,
149,1,2821,,,,
150,5,188,1554,3315,569,395
151,4,1490,1441,3192,2354,
152,4,2243,1984,470,2689,
153,2,1804,3482,,,
154,1,1246,,,,
155,2,429,813,,,
156,2,3266,1983,,,
157,2,1015,517,,,
158,2,3281,1250,,,
159,3,947,3223,3078,,
160,5,2393,1821,1628,490,2050
161,3,1660,2602,2721,,
162,5,2510,1267,3700,825,748
163,2,1106,3530,,,
164,2,3517,3682,,,
165,3,2108,1044,2461,,
166,1,3750,,,,
167,2,218,457,,,
168,2,1572,1997,,,
169,2,1670,372,,,
170,3,2586,447,2555,,
171,5,654,320,435,3284,45
172,5,915,1546,1058,1946,446
173,4,1620,2173,2174,1609,
174,1,797,,,,
175,5,3235,1839,2582,3910,124
176,4,2740,241,3483,1896,
177,2,1456,80,,,
178,4,887,1893,437,2558,
179,1,2107,,,,
180,5,478,168,3188,1078,2406
181,5,2895,628,1265,2050,1424
182,5,2982,2980,2368,2050,2349
183,2,1682,2095,,,
184,3,82,1071,3266,,
185,2,294,1692,,,
186,5,2498,115,2493,1276,3598
187,2,2803,554,,,
188,3,48,1140,3715,,
189,4,2101,3708,1144,3654,
190,4,3160,565,2882,3288,
191,5,3031,3304,477,3060,1101
192,5,2990,2324,573,1803,3299
193,5,1752,3182,200,2619,1485
194,5,471,2505,2005,863,1233
195,2,2605,2987,,,
196,3,3483,2297,3405,,
197,3,1441,3132,453,,
198,2,2366,941,,,
199,1,2637,,,,
200,2,1445,67,,,
201,2,2174,25,,,
202,4,636,3147,2530,3921,
203,2,2038,1710,,,
204,1,1930,,,,
205,4,3389,2768,2146,3070,
206,2,3288,2729,,,
207,3,3414,768,287,,
208,4,259,3439,3595,3161,
209,5,1521,3479,829,3661,1176
210,5,2852,2964,528,3424,2639
211,3,1459,848,805,,
212,3,1683,405,256,,
213,3,29,1563,3350,,
214,2,800,2091,,,
215,3,1204,950,914,,
216,5,1305,2262,831,3670,1336
217,1,1799,,,,
218,3,1435,3766,77,,
219,5,323,1533,1066,3231,27
220,5,2680,2046,2666,3106,3344
221,1,1978,,,,
222,4,296,1541,3860,3162,
223,5,243,3707,1362,1638,2501
224,1,1822,,,,
225,5,3036,3521,595,2968,44
226,4,582,2890,1865,1192,
227,3,2093,750,3396,,
228,4,2822,1010,2395,943,
229,3,273,1959,2450,,
230,2,2292,3625,,,
231,1,3047,,,,
232,4,1341,119,2437,1269,
233,3,142,521,1813,,
234,4,847,71,3903,2960,
235,3,3593,2133,1047,,
236,4,3909,3127,884,557,
237,2,1733,3820,,,
238,1,775,,,,
239,2,3811,144,,,
240,2,1269,529,,,
241,2,1027,212,,,
242,2,1225,1568,,,
243,1,617,,,,
244,5,3300,2120,2886,785,2829
245,1,1778,,,,
246,2,1461,2222,,,
247,1,1943,,,,
248,3,3355,3641,1685,,
249,1,3506,,,,
250,1,264,,,,
251,2,607,835,,,
252,5,244,2916,2194,3410,1917
253,2,790,2868,,,
254,4,667,2381,1135,2460,
255,1,1172,,,,
256,1,560,,,,
257,5,1256,688,2023,1445,2394
258,5,680,3633,1693,2326,73
259,4,2638,2213,494,2655,
260,2,3300,510,,,
261,2,3916,561,,,
262,4,2183,1791,3848,3520,
263,2,2029,3441,,,
264,3,479,3622,794,,
265,1,2811,,,,
266,5,3931,2024,2194,2960,3107
267,4,1817,3129,902,181,
268,2,151,1164,,,
269,5,2784,3222,477,1100,3376
270,4,2542,2936,117,3183,
271,3,2381,2561,3892,,
272,1,3154,,,,
273,2,756,2792,,,
274,4,3749,2857,1302,2565,
275,3,3719,2278,810,,
276,3,616,256,3917,,
277,1,3710,,,,
278,5,873,3067,3119,1457,2702
279,4,2524,3555,971,3686,
280,5,1700,583,1357,424,81
281,4,285,2965,2175,253,
282,1,1741,,,,
283,3,2339,3678,3185,,
284,4,337,421,398,3383,
285,3,1819,2810,3084,,
286,3,2992,2822,971,,
287,1,938,,,,
288,4,2488,55,3936,870,
289,5,3583,2436,2481,46,1703
290,5,2116,953,3169,2969,2117
291,3,617,1740,2210,,
292,5,5,3895,1388,2040,1533
293,1,2532,,,,
294,1,2156,,,,
295,4,2652,223,2994,2791,
296,2,3269,3073,,,
297,3,3789,2857,3546,,
298,1,2504,,,,
299,5,3773,2039,1319,3167,863
300,4,2436,647,1832,1792,
301,4,3100,245,779,2229,
302,2,3433,421,,,
303,2,776,413,,,
304,4,976,2323,735,2068,
305,2,1651,1240,,,
306,2,453,2591,,,
307,2,3114,1213,,,
308,5,2371,3675,770,3000,2449
309,3,3238,1933,1322,,
310,3,409,3425,1655,,
311,2,2545,3803,,,
312,5,1823,3924,3494,2319,714
313,1,3316,,,,
314,5,200,3598,662,1166,552
315,5,461,1836,2356,379,1294
316,3,2678,541,3581,,
317,2,3701,2494,,,
318,1,2255,,,,
319,5,2042,3365,3635,2422,2638
320,4,1804,1563,1593,3322,
321,1,668,,,,
322,2,2434,2746,,,
323,4,2919,781,1271,2128,
324,4,2310,2033,2859,2808,
325,3,2638,521,1128,,
326,5,3827,591,1801,787,258
327,2,484,3647,,,
328,1,1808,,,,
329,2,2184,1368,,,
330,5,293,3128,2741,3299,3736
331,2,720,229,,,
332,1,2862,,,,
333,2,244,3586,,,
334,1,237,,,,
335,5,1677,500,1375,1302,484
336,4,1655,2852,2557,360,
337,2,3824,568,,,
338,5,917,444,2798,302,1215
339,2,2184,1405,,,
340,3,1080,910,1164,,
341,4,297,3445,3507,2892,
342,4,3546,131,3130,2289,
343,3,1908,3857,3922,,
344,5,3926,3938,3258,3910,3572
345,3,3574,3276,3291,,
346,5,38,3468,73,3678,232
347,1,1483,,,,
348,2,1163,1867,,,
349,1,2024,,,,
350,5,893,801,3720,2078,568
351,4,1799,3851,2186,899,
352,1,1116,,,,
353,5,2479,2238,1541,1479,931
354,5,3858,500,3743,830,3527
355,2,760,60,,,
356,3,1888,975,2335,,
357,4,1734,3097,2707,2766,
358,4,3354,2964,3383,2029,
359,2,2660,1599,,,
360,4,3243,2973,3498,3461,
361,1,3728,,,,
362,5,144,608,428,2095,1396
363,2,296,2638,,,
364,1,3294,,,,
365,3,3606,816,1237,,
366,4,3455,2933,1437,1609,
367,1,2468,,,,
368,2,2152,1862,,,
369,1,843,,,,
370,4,2970,91,3513,3446,
371,2,332,873,,,
372,5,2829,234,1274,2007,79
373,3,1686,1618,1838,,
374,4,1419,1908,242,1253,
375,5,954,3631,2678,2089,1186
376,2,1042,3329,,,
377,3,3341,667,1845,,
378,4,3913,1421,3719,609,
379,1,2983,,,,
380,5,564,395,1263,2611,2574
381,5,1982,2740,2082,1308,3583
382,1,1547,,,,
383,2,3780,3139,,,
384,4,3797,559,3145,2378,
385,5,946,750,950,3169,1255
386,4,3536,2436,1678,948,
387,2,656,1968,,,
388,1,2206,,,,
389,5,3660,436,3438,3802,1324
390,3,3056,2511,3784,,
391,3,541,1246,2144,,
392,2,3586,3027,,,
393,4,2933,65,3112,1906,
394,4,1091,3932,648,3528,
395,3,1288,333,1582,,
396,3,588,1615,2813,,
397,5,410,1931,2239,509,2149
398,4,1886,1779,543,1455,
399,5,2055,3315,1814,3635,2791
400,2,978,2284,,,
401,5,1528,643,707,2246,1154
402,5,985,3235,1332,358,43
403,2,674,287,,,
404,2,890,602,,,
405,5,394,1851,2084,2967,1745
406,4,1878,3236,2380,3808,
407,1,3486,,,,
408,2,1358,3072,,,
409,3,3903,334,3878,,
410,3,2284,2004,2734,,
411,1,1207,,,,
412,1,1839,,,,
413,5,3498,2278,334,45,2446
414,3,3854,1438,500,,
415,5,521,335,333,318,1405
416,2,1636,3688,,,
417,4,3405,2592,3059,1838,
418,5,1992,2620,1688,1449,3239
419,3,3064,1202,2136,,
420,4,3671,1645,3125,3147,
421,3,2194,2271,2447,,
422,3,3840,3117,3394,,
423,5,3428,3411,2106,90,3858
424,5,2352,955,3537,3525,3807
425,4,3871,3252,710,3382,
426,1,222,,,,
427,5,3262,3928,133,2309,1163
428,1,1375,,,,
429,5,1891,2200,1829,3457,123
430,3,3024,2904,3168,,
431,2,601,3917,,,
432,4,2940,1246,2459,2128,
433,3,562,3199,1411,,
434,3,3649,1032,3700,,
435,3,2892,658,781,,
436,2,1124,2551,,,
437,2,2094,1230,,,
438,2,3624,3683,,,
439,1,483,,,,
440,3,3474,2825,3764,,
441,3,3583,1654,2123,,
442,3,3526,350,664,,
443,3,3590,3094,3005,,
444,2,1662,3073,,,
445,4,1287,3839,2404,1187,
446,2,1371,265,,,
447,4,2144,1527,566,790,
448,3,3204,3598,3863,,
449,1,2334,,,,
450,3,389,237,3118,,
451,3,2895,323,1079,,
452,2,1719,1518,,,
453,5,2764,2786,3742,2428,2940
454,5,3187,3418,2299,612,3726
455,4,283,3776,3729,2139,
456,1,2337,,,,
457,5,658,1529,1024,1803,2629
458,5,3505,548,3837,2029,383
459,1,1968,,,,
460,5,3274,1436,3355,2319,3886
461,3,3468,3895,2551,,
462,1,2426,,,,
463,1,997,,,,
464,4,1748,391,1256,565,
465,1,3000,,,,
466,5,109,1474,3605,3578,3853
467,3,310,1818,883,,
468,1,1493,,,,
469,2,448,1088,,,
470,3,1861,2234,1724,,
471,4,2654,774,1868,1651,
472,3,907,74,2077,,
473,4,3158,2274,336,820,
474,2,2423,2592,,,
475,5,2368,88,1310,1720,1098
476,1,1296,,,,
477,5,1653,3273,2245,2389,3577
478,3,1345,2986,953,,
479,1,3122,,,,
480,5,1720,1293,3395,3343,1071
481,4,2232,2198,3695,2820,
482,1,3893,,,,
483,5,358,3925,3904,134,1245
484,4,2621,1762,1767,2406,
485,1,3841,,,,
486,1,475,,,,
487,1,3530,,,,
488,4,206,2244,3034,2593,
489,3,1790,2817,76,,
490,1,2802,,,,
491,5,562,2894,330,363,2069
492,1,2263,,,,
493,1,1272,,,,
494,3,830,382,3614,,
495,2,1996,2771,,,
496,4,2006,2518,1036,1900,
497,4,2858,1663,2535,3444,
498,3,365,135,485,,
499,1,518,,,,
500,2,1414,462,,,
501,3,2510,526,1140,,
502,4,1281,1774,3192,2147,
503,3,1213,2966,2605,,
504,3,3642,1368,3476,,
505,2,3018,3526,,,
506,2,1632,3854,,,
507,5,3352,2282,156,2773,1162
508,5,55,2640,1485,1758,2146
509,3,462,1961,1005,,
510,3,2675,1145,741,,
511,3,95,2310,2622,,
512,1,1972,,,,
513,3,99,2767,3250,,
514,4,3572,3316,2252,3890,
515,3,2084,2194,583,,
516,3,2531,3286,1264,,
517,3,1016,1117,2321,,
518,4,1652,3270,3021,3290,
519,4,2689,3134,1,2093,
520,2,3822,1062,,,
521,2,2006,1162,,,
522,5,2003,2929,3654,1438,229
523,2,2097,2406,,,
524,3,2002,961,2562,,
525,2,1484,380,,,
526,2,3529,2471,,,
527,4,3358,3910,3600,1974,
528,5,78,794,3935,1538,1317
529,5,1825,2252,2283,893,393
530,3,1326,102,3495,,
531,4,1803,980,2159,3849,
532,3,939,335,2902,,
533,4,1261,3336,1682,3136,
534,4,2686,2579,2500,457,
535,2,1818,2858,,,
536,4,1177,1402,1956,498,
537,5,2908,889,793,1633,1350
538,1,3699,,,,
539,5,3765,1082,3738,2125,3899
540,5,2231,3835,3512,60,914
541,4,2926,690,1987,2418,
542,1,1164,,,,
543,1,482,,,,
544,2,3265,2919,,,
545,2,3812,363,,,
546,4,1709,179,875,1185,
547,5,3334,3130,2033,705,2348
548,1,982,,,,
549,5,1919,3463,240,708,1432
550,2,1610,3299,,,
551,1,3605,,,,
552,4,1224,2903,1933,2145,
553,2,1453,1916,,,
554,4,1691,896,2933,1972,
555,4,892,3318,1900,2617,
556,5,3585,1350,3798,3294,2458
557,3,1088,991,2572,,
558,4,2321,3494,110,1062,
559,5,1886,384,3051,3145,634
560,2,1827,3429,,,
561,4,1313,1025,3464,1936,
562,2,3783,561,,,
563,3,1606,2188,347,,
564,4,2910,496,1818,2977,
565,1,341,,,,
566,4,1081,191,1284,2327,
567,3,1285,65,416,,
568,2,3090,3170,,,
569,3,159,3937,3183,,
570,3,3250,3708,980,,
571,1,3568,,,,
572,3,1381,2281,2684,,
573,3,3936,455,2237,,
574,4,2601,3113,8,2129,
575,1,416,,,,
576,5,3586,1656,1711,2122,1367
577,2,3552,785,,,
578,3,346,2962,2664,,
579,2,1579,3145,,,
580,2,1037,1926,,,
581,4,1667,1493,620,1110,
582,5,1436,2897,3889,2583,1027
583,5,989,3403,884,3836,3132
584,1,735,,,,
585,4,236,3702,3416,1731,
586,1,1768,,,,
587,3,3860,468,2522,,
588,5,302,2164,2893,2530,2285
589,4,496,3125,3053,528,
590,1,3619,,,,
591,2,3129,963,,,
592,5,1433,2809,3854,1167,1628
593,2,1856,3724,,,
594,4,1584,1733,957,1344,
595,3,2473,625,259,,
596,2,222,3548,,,
597,3,1217,3061,1856,,
598,3,442,318,387,,
599,2,3009,3397,,,
600,2,2391,3586,,,
601,2,785,713,,,
602,1,2339,,,,
603,3,1509,2403,2935,,
604,4,208,1976,10,3753,
605,5,3443,2288,1252,2812,2669
606,2,2192,3604,,,
607,1,3791,,,,
608,4,3855,780,1012,2834,
609,1,804,,,,
610,1,3573,,,,
611,2,2453,3874,,,
612,1,2019,,,,
613,3,1657,1578,3407,,
614,5,2701,2294,2637,576,2289
615,1,1210,,,,
616,5,1270,3508,3035,63,3728
617,5,3197,73,426,143,3399
618,1,800,,,,
619,4,1897,3519,3575,504,
620,5,2880,2872,1560,1679,1595
621,5,349,2684,1674,2456,2703
622,1,3901,,,,
623,2,1569,1755,,,
624,2,588,320,,,
625,3,466,2311,3795,,
626,2,1251,3885,,,
627,1,1935,,,,
628,3,482,856,1257,,
629,2,1185,2369,,,
630,2,2119,2171,,,
631,3,3786,3105,2427,,
632,1,858,,,,
633,3,2237,1729,3853,,
634,3,2310,244,2189,,
635,3,862,2811,2185,,
636,2,3232,2967,,,
637,1,2067,,,,
638,3,3514,3435,1321,,
639,5,933,2141,2966,655,288
640,1,2118,,,,
641,2,1284,31,,,
642,5,2968,3825,1222,3798,2736
643,5,2179,3415,1947,741,3017
644,3,1327,3093,379,,
645,4,1878,3220,3246,2968,
646,1,1028,,,,
647,1,2962,,,,
648,1,1493,,,,
649,4,3291,1056,2389,2518,
650,2,3657,768,,,
651,5,13,1690,1630,3220,1556
652,4,3041,264,2274,1862,
653,5,249,1826,3623,95,1060
654,3,3474,1705,3487,,
655,5,1506,3542,1407,3778,3232
656,5,1134,2741,75,2320,541
657,4,3885,609,3135,1357,
658,2,3053,1070,,,
659,5,2161,2987,3829,78,1383
660,2,1122,2197,,,
661,5,3459,3407,844,2231,3566
662,5,1207,3433,3435,3296,3162
663,1,1782,,,,
664,1,285,,,,
665,3,3116,2984,2227,,
666,5,2669,3311,2511,2227,3514
667,5,385,2461,971,1991,3009
668,1,1055,,,,
669,3,3266,3146,3161,,
670,5,2350,1872,3596,2009,668
671,3,2943,3274,1093,,
672,1,696,,,,
673,1,2098,,,,
674,1,3852,,,,
675,5,1039,88,3776,1789,2104
676,3,3109,2864,384,,
677,5,1798,2351,506,3453,3129
678,2,601,2782,,,
679,1,2422,,,,
680,5,3891,2865,704,2665,2232
681,3,1470,3004,153,,
682,1,2020,,,,
683,1,1799,,,,
684,2,1881,490,,,
685,4,2568,1866,1461,3471,
686,1,3291,,,,
687,2,2693,3334,,,
688,3,3343,2972,1203,,
689,4,1755,1486,2831,3526,
690,1,1979,,,,
691,2,2919,2468,,,
692,1,224,,,,
693,2,221,2404,,,
694,2,2585,3206,,,
695,4,1163,964,3611,3211,
696,2,2320,3191,,,
697,5,1602,190,3360,1644,614
698,2,3474,2346,,,
699,2,3331,1364,,,
700,1,271,,,,
701,5,1978,1649,2157,3190,3197
702,3,700,3675,397,,
703,3,293,1228,1958,,
704,5,1410,352,3141,3309,2996
705,3,3778,1290,188,,
706,3,3267,900,3597,,
707,3,2184,2043,91,,
708,3,3868,2579,1942,,
709,4,3727,1621,1950,1271,
710,2,994,2738,,,
711,1,3832,,,,
712,4,205,1860,1403,3735,
713,2,3780,929,,,
714,3,3166,2275,1423,,
715,2,2008,201,,,
716,1,1469,,,,
717,2,3914,3347,,,
718,5,443,3169,3356,2159,1689
719,3,3454,1405,2986,,
720,2,1495,492,,,
721,5,1472,3018,3123,3596,3655
722,2,2338,1491,,,
723,1,2908,,,,
724,4,1599,72,691,1961,
725,5,2681,3655,1712,1198,3345
726,4,2492,3292,1980,914,
727,3,1582,2271,3908,,
728,1,3358,,,,
729,4,84,2622,3221,3449,
730,5,2435,2760,1082,1512,1299
731,5,2058,1736,1683,2657,1541
732,1,533,,,,
733,3,1971,2449,2995,,
734,4,3114,1860,1712,1142,
735,4,2461,2068,1317,1875,
736,4,3136,3295,3589,641,
737,2,3682,2319,,,
738,4,3906,954,2211,1478,
739,3,1464,214,1640,,
740,1,955,,,,
741,3,1637,1367,2597,,
742,4,1570,113,705,878,
743,1,386,,,,
744,3,3642,3180,1388,,
745,3,1292,1679,1720,,
746,2,1961,2771,,,
747,2,995,2667,,,
748,1,1148,,,,
749,4,1604,3517,2785,1122,
750,2,439,722,,,
751,5,1661,1957,2177,2620,1208
752,3,2322,3332,526,,
753,5,1469,2622,2666,2179,1033
754,2,1036,893,,,
755,5,692,2131,452,252,1002
756,2,1133,2508,,,
757,1,1002,,,,
758,2,934,1165,,,
759,1,3555,,,,
760,1,2492,,,,
761,3,2701,2424,330,,
762,3,2047,1836,2730,,
763,3,3682,643,3707,,
764,5,278,3671,3291,3931,1820
765,1,405,,,,
766,3,3264,2926,152,,
767,2,1589,2198,,,
768,3,2433,3637,2988,,
769,5,2376,1952,850,2004,3131
770,3,195,1417,280,,
771,5,1531,1221,1142,280,3803
772,4,3412,2383,286,3673,
773,2,2394,3723,,,
774,1,1191,,,,
775,4,1632,1003,3451,1723,
776,3,3451,670,3288,,
777,5,2420,149,498,437,1190
778,4,2021,2932,1650,2293,
779,4,515,1233,1337,2642,
780,4,342,2259,3178,957,
781,2,3579,3271,,,
782,1,3346,,,,
783,2,831,2820,,,
784,2,1804,18,,,
785,3,598,1634,1792,,
786,1,685,,,,
787,2,1924,1064,,,
788,1,854,,,,
789,2,816,3433,,,
790,3,3019,385,644,,
791,4,3720,3113,2593,127,
792,3,3236,3743,2811,,
793,3,2631,631,1077,,
794,1,1684,,,,
795,2,3313,2613,,,
796,2,2450,2906,,,
797,2,2337,862,,,
798,4,3589,1329,2119,2547,
799,2,2427,1110,,,
800,1,1401,,,,
801,5,809,449,220,1947,2331
802,4,502,2303,6,606,
803,1,3541,,,,
804,4,993,1951,1723,3017,
805,2,1771,2015,,,
806,2,3885,1879,,,
807,1,2261,,,,
808,5,3331,2060,3723,2611,245
809,1,984,,,,
810,1,469,,,,
811,2,254,148,,,
812,2,155,1228,,,
813,3,2459,1019,2741,,
814,2,2509,3475,,,
815,3,2440,1248,664,,
816,4,2703,2418,40,215,
817,4,1732,646,3469,418,
818,3,3671,3112,938,,
819,2,1214,1268,,,
820,1,1876,,,,
821,3,1766,1148,1528,,
822,2,1473,2788,,,
823,3,215,2359,1730,,
824,4,1150,499,3555,800,
825,4,1990,3617,1557,554,
826,3,2552,911,725,,
827,4,2038,3135,2998,3272,
828,2,693,363,,,
829,5,3778,2893,1764,2162,3184
830,1,2731,,,,
831,2,1060,244,,,
832,3,3548,2626,2443,,
833,1,1824,,,,
834,3,2788,1812,2406,,
835,1,3733,,,,
836,4,333,2536,3496,568,
837,4,3388,2084,2182,1699,
838,1,3272,,,,
839,2,1699,1824,,,
840,5,3290,2354,3043,2222,3930
841,1,1828,,,,
842,2,3128,3835,,,
843,5,988,185,3072,2236,3119
844,3,1359,2896,791,,
845,1,1251,,,,
846,3,2973,1565,362,,
847,2,993,3647,,,
848,5,1211,2101,3415,1622,1712
849,3,3325,755,3092,,
850,3,1925,1555,2311,,
851,3,998,2542,2450,,
852,2,1009,3362,,,
853,2,3390,675,,,
854,2,3064,3826,,,
855,2,1377,2753,,,
856,5,3666,1120,303,1601,2841
857,4,866,1211,326,2074,
858,1,2655,,,,
859,3,1416,1113,2757,,
860,3,173,2800,1132,,
861,5,3219,2348,2026,2591,3872
862,3,3209,1597,2034,,
863,5,1010,2549,780,713,1254
864,3,1991,2770,1579,,
865,5,3727,1850,1704,989,2904
866,5,1519,1592,2693,3109,1790
867,4,2358,3311,2835,1852,
868,1,3492,,,,
869,5,1978,1948,310,1572,1795
870,3,87,1185,1492,,
871,2,605,1434,,,
872,1,362,,,,
873,5,2101,2950,2833,3534,3073
874,5,1962,155,3938,260,2188
875,4,1019,3760,2513,1515,
876,3,2474,2206,2877,,
877,5,1474,2292,2454,597,2960
878,2,3515,951,,,
879,5,2584,2205,2396,1774,1208
880,3,1150,1653,3374,,
881,5,1015,2945,2517,1256,2030
882,4,3270,3764,3249,1080,
883,5,1103,1865,1811,1433,3166
884,5,1268,3033,763,2581,1177
885,5,3450,1330,1950,2351,1634
886,5,2196,1047,2532,2980,2513
887,5,3571,1906,3832,3451,3732
888,5,3746,2813,1759,1681,170
889,4,1975,596,426,2289,
890,1,3651,,,,
891,3,1024,2668,839,,
892,5,3612,927,1801,1056,2041
893,3,596,748,3135,,
894,2,2493,2058,,,
895,1,2374,,,,
896,1,1434,,,,
897,5,2973,288,3169,3293,111
898,1,2789,,,,
899,4,143,1565,3537,2240,
900,1,3685,,,,
901,1,2218,,,,
902,4,782,2368,1097,2983,
903,4,3090,1964,388,1298,
904,1,2771,,,,
905,3,924,788,2172,,
906,5,1878,2576,1352,842,1035
907,4,2976,3111,3701,2195,
908,4,1417,1922,870,2394,
909,2,3297,3506,,,
910,2,1934,3560,,,
911,5,1741,1176,982,3744,2362
912,2,2635,1461,,,
913,1,100,,,,
914,1,642,,,,
915,3,27,1012,3037,,
916,4,1101,3334,1584,1151,
917,1,3914,,,,
918,5,3204,1166,3479,521,3727
919,1,1205,,,,
920,4,2522,1318,1058,1359,
921,2,3890,1226,,,
922,1,372,,,,
923,2,2639,2300,,,
924,2,2160,2674,,,
925,2,460,646,,,
926,5,2788,508,1770,2434,3612
927,4,3655,1026,61,3905,
928,2,181,174,,,
929,1,1340,,,,
930,5,1524,1427,2531,1640,1337
931,4,187,1024,3464,861,
932,4,2491,2464,300,2341,
933,2,2808,2761,,,
934,3,1800,3534,2510,,
935,5,2059,1463,3287,245,1553
936,1,659,,,,
937,1,3641,,,,
938,1,3788,,,,
939,5,2588,615,2364,2098,2755
940,4,1209,1379,1798,2737,
941,1,1995,,,,
942,3,1029,530,3149,,
943,5,3297,632,3363,727,2393
944,1,1041,,,,
945,5,1221,1305,3178,3473,2203
946,1,1871,,,,
947,3,930,980,1028,,
948,4,3732,3253,70,87,
949,5,1722,2174,1064,3028,3416
950,2,3589,712,,,
951,4,1260,2630,591,2432,
952,2,3037,2815,,,
953,5,1167,122,3384,391,2295
954,4,3799,866,765,123,
955,2,1521,1308,,,
956,1,759,,,,
957,4,3180,3319,3890,1602,
958,2,1794,460,,,
959,3,1290,541,1062,,
960,5,2654,3311,3357,3463,2712
961,3,923,2898,2268,,
962,5,3350,2960,1683,196,1837
963,1,1347,,,,
964,3,3530,3795,2377,,
965,2,268,3783,,,
966,5,945,557,1066,3602,103
967,3,2537,1215,360,,
968,2,147,3536,,,
969,5,541,3791,1580,3224,2383
970,2,2136,659,,,
971,2,700,363,,,
972,3,1840,1475,1040,,
973,4,236,328,3677,641,
974,5,499,1183,2415,3175,2130
975,2,2924,413,,,
976,4,1311,1162,3777,1883,
977,5,2282,2666,233,1316,2808
978,4,2933,616,2481,476,
979,2,328,1724,,,
980,2,1719,2668,,,
981,1,780,,,,
982,3,2003,3461,1618,,
983,2,303,3518,,,
984,2,449,1655,,,
985,1,3085,,,,
986,3,912,1930,2411,,
987,5,1601,2942,3770,1790,1406
988,3,134,1575,1915,,
989,2,3015,277,,,
990,2,3154,2985,,,
991,3,2806,2465,194,,
992,4,2883,428,3658,3053,
993,5,1671,1259,2045,3123,2871
994,3,152,2843,2462,,
995,4,3685,1934,200,354,
996,4,1685,3096,707,535,
997,3,1645,458,3141,,
998,4,3679,1480,2167,3172,
999,3,2937,1940,1436,,
1000,4,3197,907,446,865,
1001,2,3244,2654,,,
1002,4,2337,3904,1404,289,
1003,3,1696,2928,3665,,
1004,5,599,3341,602,232,542
1005,5,888,2651,1564,2317,3569
1006,1,3422,,,,
1007,2,2615,2494,,,
1008,1,3726,,,,
1009,5,2530,1294,2920,1216,2065
1010,1,3193,,,,
1011,4,2118,3390,3179,505,
1012,4,974,1098,249,2005,
1013,2,228,2522,,,
1014,1,2014,,,,
1015,2,1839,277,,,
1016,4,127,2994,954,2087,
1017,3,3915,2774,1225,,
1018,5,2820,3872,2841,3417,847
1019,1,1355,,,,
1020,5,3436,3177,1127,1770,1987
1021,3,2945,2750,3074,,
1022,3,2005,289,2797,,
1023,4,2862,1994,3083,3331,
1024,4,3077,1541,814,2874,
1025,5,2527,25,1063,2079,1727
1026,5,711,160,1875,3732,78
1027,3,3030,2235,705,,
1028,4,481,1858,2819,698,
1029,2,1362,1570,,,
1030,2,2434,845,,,
1031,2,3376,1549,,,
1032,2,386,3212,,,
1033,5,1816,922,3652,841,2439
1034,1,2142,,,,
1035,2,3902,3559,,,
1036,4,597,2921,784,3667,
1037,1,1328,,,,
1038,2,3220,2868,,,
1039,1,1735,,,,
1040,5,101,1645,16,3090,1610
1041,1,3306,,,,
1042,3,1429,769,1204,,
1043,3,241,1769,2423,,
1044,3,671,3364,961,,
1045,1,3104,,,,
1046,3,2132,1400,254,,
1047,4,484,1286,910,45,
1048,5,640,538,2695,435,2799
1049,4,3403,540,3280,3159,
1050,1,3319,,,,
1051,5,1410,3022,2881,854,682
1052,5,3819,1234,2362,2670,3579
1053,2,1460,2765,,,
1054,3,125,3937,917,,
1055,3,1514,2009,1655,,
1056,2,2586,1957,,,
1057,1,1858,,,,
1058,4,1117,686,3733,1176,
1059,1,1064,,,,
1060,4,1314,2666,642,1977,
1061,4,2664,2336,2724,3093,
1062,5,2329,323,790,1372,1452
1063,2,1529,817,,,
1064,1,3324,,,,
1065,2,3467,138,,,
1066,2,1344,2798,,,
1067,2,1241,1792,,,
1068,2,2424,3696,,,
1069,2,1230,693,,,
1070,4,1024,3616,2561,906,
1071,5,3771,1260,1471,3690,1499
1072,5,3526,3428,3330,1521,2661
1073,4,3731,1669,315,1154,
1074,3,1555,69,976,,
1075,1,203,,,,
1076,1,3463,,,,
1077,4,2863,1237,3696,1019,
1078,4,372,310,3836,2266,
1079,1,3654,,,,
1080,5,3824,715,197,602,1777
1081,2,3851,1461,,,
1082,5,1266,1969,3823,1803,1144
1083,3,3288,3939,2595,,
1084,4,2473,2421,2912,157,
1085,3,2000,3572,1357,,
1086,2,57,810,,,
1087,4,498,1719,305,3246,
1088,1,3865,,,,
1089,1,678,,,,
1090,5,3179,2142,800,1112,2472
1091,4,2058,1915,2876,139,
1092,5,2150,2396,322,543,2632
1093,3,2621,3034,1470,,
1094,3,1500,2836,698,,
1095,3,928,1156,3647,,
1096,4,3421,2636,3606,1491,
1097,4,1462,2191,3534,2019,
1098,3,2361,1503,2,,
1099,3,3418,1601,2847,,
1100,5,585,1700,3052,2730,520
1101,4,2266,3259,3308,3721,
1102,4,3154,796,1137,992,
1103,3,546,1224,461,,
1104,4,834,201,2642,153,
1105,3,2802,482,3143,,
1106,3,1906,391,2584,,
1107,1,482,,,,
1108,3,291,2630,2090,,
1109,4,19,1210,1795,1244,
1110,1,836,,,,
1111,5,3896,1694,2776,586,2286
1112,3,2909,3024,2838,,
1113,2,655,2068,,,
1114,3,1603,3823,750,,
1115,4,2924,2578,2034,1793,
1116,5,1992,548,1506,519,3156
1117,4,481,150,2749,3018,
1118,3,7,1289,3062,,
1119,1,1381,,,,
1120,3,291,1928,3296,,
1121,4,3498,2514,2680,2248,
1122,3,3931,1012,846,,
1123,3,2340,1122,275,,
1124,5,1078,2967,1953,2398,3768
1125,4,3793,644,1849,1480,
1126,2,3894,1026,,,
1127,2,2103,3759,,,
1128,4,3913,298,702,830,
1129,5,3931,1315,175,358,2432
1130,1,2260,,,,
1131,2,2005,1365,,,
1132,1,2249,,,,
1133,5,3656,3673,2139,1965,2940
1134,3,580,139,2213,,
1135,5,3760,1600,2540,566,2550
1136,1,749,,,,
1137,4,3301,2911,683,3393,
1138,5,3617,3010,3518,521,450
1139,3,2354,3408,2828,,
1140,1,1896,,,,
1141,4,2490,3718,1359,830,
1142,5,1965,654,1936,1132,3579
1143,2,3309,3350,,,
1144,2,1694,2961,,,
1145,3,1812,2099,3567,,
1146,3,755,1628,1744,,
1147,4,440,1959,1872,417,
1148,3,3142,1049,949,,
1149,5,1790,1598,2012,3854,2881
1150,3,1177,3151,3409,,
1151,2,2842,2264,,,
1152,3,1122,825,3832,,
1153,5,2987,3805,176,2154,3557
1154,2,23,1786,,,
1155,5,354,2170,941,223,2808
1156,4,2146,1130,1554,925,
1157,5,3586,3327,1278,3321,3535
1158,5,3045,570,465,3136,2400
1159,5,3489,2621,1289,3856,363
1160,4,1255,986,750,1849,
1161,5,3845,1301,3833,3799,2623
1162,2,3734,3664,,,
1163,3,815,1408,1832,,
1164,5,3045,2965,1442,3558,3234
1165,1,946,,,,
1166,2,3727,2493,,,
1167,3,2225,1525,3160,,
1168,5,2106,1253,2965,3184,2131
1169,3,423,1226,716,,
1170,3,2153,3903,738,,
1171,1,2822,,,,
1172,4,1698,3697,1381,1807,
1173,2,1326,981,,,
1174,2,2653,1508,,,
1175,4,1591,963,2036,799,
1176,5,3482,2492,3677,1776,3631
1177,3,1988,2539,1370,,
1178,2,1278,1590,,,
1179,4,735,3110,1274,1095,
1180,3,17,3886,2651,,
1181,3,1690,3225,3543,,
1182,5,1687,2919,1129,2549,1563
1183,3,2332,3316,1870,,
1184,1,2241,,,,
1185,3,3323,2369,2829,,
1186,5,3148,861,1606,1676,2474
1187,1,766,,,,
1188,5,1525,3761,1651,1035,3540
1189,1,3584,,,,
1190,1,3601,,,,
1191,1,152,,,,
1192,3,1479,938,3562,,
1193,4,912,1431,700,3780,
1194,5,3714,13,55,256,369
1195,1,1251,,,,
1196,3,1082,2240,193,,
1197,3,3621,350,255,,
1198,1,2594,,,,
1199,1,711,,,,
1200,3,3582,2771,46,,
1201,1,1887,,,,
1202,1,2783,,,,
1203,3,3766,641,3402,,
1204,5,134,134,3867,1467,322
1205,3,73,207,1121,,
1206,1,3697,,,,
1207,3,941,979,3060,,
1208,4,3220,2377,800,3245,
1209,1,3583,,,,
1210,4,1520,1600,2696,3472,
1211,2,1758,236,,,
1212,2,3912,2974,,,
1213,4,3846,609,1157,263,
1214,2,2562,1734,,,
1215,1,3302,,,,
1216,3,2936,1903,399,,
1217,5,2415,444,3155,3887,3313
1218,2,3037,1840,,,
1219,2,684,2635,,,
1220,1,3597,,,,
1221,2,3606,2002,,,
1222,3,1358,3030,2367,,
1223,5,2009,3795,1910,743,2738
1224,4,3026,2825,733,3689,
1225,2,306,2466,,,
1226,2,2901,3751,,,
1227,1,528,,,,
1228,5,2945,3901,1577,2217,1718
1229,4,3154,1309,2644,716,
1230,1,1943,,,,
1231,4,3799,2027,500,452,
1232,2,3192,2058,,,
1233,2,2109,3408,,,
1234,4,925,1878,3141,1559,
1235,1,1539,,,,
1236,4,3220,3133,1060,1293,
1237,1,2225,,,,
1238,1,395,,,,
1239,2,634,3061,,,
1240,5,2501,2047,1227,2937,3783
1241,4,3844,1315,2374,2459,
1242,5,2206,2861,3014,642,3449
1243,3,1344,1777,1191,,
1244,2,1809,2465,,,
1245,5,855,2564,624,2601,644
1246,2,1179,3242,,,
1247,4,3532,2966,3314,2270,
1248,5,96,642,280,858,2275
1249,5,3843,1952,134,2916,3113
1250,3,3330,1555,1164,,
1251,5,155,3802,160,3266,3490
1252,2,3261,3510,,,
1253,4,386,2309,3626,2109,
1254,1,3720,,,,
1255,4,431,3657,1223,1022,
1256,1,515,,,,
1257,1,1806,,,,
1258,1,39,,,,
1259,5,1079,2872,2112,3269,3523
1260,1,1009,,,,
1261,2,2897,400,,,
1262,3,3491,3461,424,,
1263,2,2910,1819,,,
1264,3,932,2028,349,,
1265,1,885,,,,
1266,2,2011,2311,,,
1267,5,223,1929,3726,1100,3772
1268,2,2790,2128,,,
1269,5,3669,2099,408,674,3146
1270,2,3829,2545,,,
1271,1,3607,,,,
1272,2,1027,2275,,,
1273,2,748,2706,,,
1274,2,1186,3612,,,
1275,1,3628,,,,
1276,2,2384,1553,,,
1277,3,3649,1098,2806,,
1278,5,2504,1752,600,2895,3176
1279,5,344,1869,2388,323,788
1280,3,1148,1465,1014,,
1281,5,3443,71,3616,2712,2549
1282,5,3383,2697,2482,2249,1238
1283,2,623,1159,,,
1284,4,3056,1109,1867,2890,
1285,4,2117,1988,3536,2454,
1286,3,448,134,1220,,
1287,3,390,1171,3606,,
1288,4,252,383,2832,2132,
1289,5,3003,135,1635,3820,2142
1290,1,1036,,,,
1291,1,310,,,,
1292,5,211,1846,1802,2799,1527
1293,5,1800,3839,358,3728,72
1294,4,1104,2423,3001,2824,
1295,1,2880,,,,
1296,5,2177,607,3547,1409,2807
1297,3,3306,2898,3181,,
1298,2,3293,2733,,,
1299,4,3934,1090,3057,357,
1300,5,1544,317,2631,1923,1469
1301,5,1978,3318,1570,2457,2704
1302,2,792,3710,,,
1303,2,1236,2557,,,
1304,4,510,3741,1013,3597,
1305,4,3124,3858,3599,3549,
1306,4,3343,2597,3692,3791,
1307,5,679,1986,2503,3329,817
1308,5,2806,1075,1917,3620,1888
1309,1,2456,,,,
1310,1,950,,,,
1311,4,625,210,2200,138,
1312,3,1702,375,2916,,
1313,4,1961,2739,3563,2706,
1314,3,3193,3199,2853,,
1315,4,2249,3426,2912,2556,
1316,5,460,1496,1319,2459,3472
1317,3,2573,3660,2575,,
1318,3,25,901,1726,,
1319,5,2340,1060,3507,3364,3442
1320,3,3457,1234,1592,,
1321,2,164,3920,,,
1322,4,1419,2114,1227,1678,
1323,1,3909,,,,
1324,1,614,,,,
1325,4,668,926,3434,846,
1326,5,2623,1323,3927,3341,927
1327,4,938,495,2849,2978,
1328,5,851,1259,706,368,515
1329,3,2650,106,2156,,
1330,3,79,704,2339,,
1331,2,1882,1404,,,
1332,4,2874,2771,3408,2220,
1333,3,1750,3192,2872,,
1334,4,3882,3454,1695,497,
1335,3,1,684,1346,,
1336,1,3645,,,,
1337,2,1526,3573,,,
1338,1,3049,,,,
1339,2,2639,1472,,,
1340,1,600,,,,
1341,4,3706,2456,6,1348,
1342,2,3283,2063,,,
1343,5,2380,2289,557,2626,764
1344,2,1539,2113,,,
1345,5,2682,2075,1211,1276,3023
1346,2,1740,1433,,,
1347,3,2536,893,3315,,
1348,1,957,,,,
1349,1,3871,,,,
1350,5,3236,1297,3224,2987,3511
1351,2,364,3403,,,
1352,2,452,627,,,
1353,1,384,,,,
1354,1,3745,,,,
1355,5,3509,3409,132,3693,3592
1356,5,760,2892,13,1512,3766
1357,3,3,3422,711,,
1358,1,659,,,,
1359,3,3312,2813,965,,
1360,5,1650,589,1234,636,3811
1361,3,3027,264,736,,
1362,3,183,2644,3745,,
1363,5,2683,770,2983,3431,3665
1364,3,1357,1392,2208,,
1365,4,3169,3813,279,3686,
1366,3,2234,3469,383,,
1367,3,3148,1651,578,,
1368,2,1422,3385,,,
1369,3,130,526,995,,
1370,1,1262,,,,
1371,3,1676,3763,2969,,
1372,5,2767,3920,1692,3501,516
1373,5,1802,749,1546,263,2764
1374,4,3124,1411,1315,1227,
1375,4,1906,1689,1367,2349,
1376,3,3148,3043,2536,,
1377,2,2004,1287,,,
1378,1,2747,,,,
1379,5,689,2937,2968,983,1292
1380,2,2616,3168,,,
1381,4,2224,1285,1513,3105,
1382,4,186,1815,2338,1011,
1383,1,2710,,,,
1384,1,2412,,,,
1385,1,491,,,,
1386,2,2762,3730,,,
1387,4,2522,1294,1258,2665,
1388,2,2050,2504,,,
1389,4,2449,1962,2207,1844,
1390,4,190,3494,2468,3294,
1391,2,3299,3903,,,
1392,1,321,,,,
1393,5,2142,357,3345,194,3589
1394,2,1418,1049,,,
1395,1,2746,,,,
1396,1,1264,,,,
1397,2,417,207,,,
1398,5,1827,2734,253,2873,2118
1399,3,840,3522,351,,
1400,1,1757,,,,
1401,1,868,,,,
1402,4,1907,701,1216,944,
1403,4,3703,1516,654,1984,
1404,4,2338,1224,3183,756,
1405,2,1295,47,,,
1406,5,2755,3272,620,108,3596
1407,2,3733,940,,,
1408,1,1251,,,,
1409,1,1888,,,,
1410,2,518,1906,,,
1411,2,3483,730,,,
1412,4,379,1866,1418,2578,
1413,3,874,2601,1256,,
1414,2,1933,1220,,,
1415,4,2899,1527,1480,3817,
1416,3,2375,2000,1060,,
1417,2,518,2360,,,
1418,2,3355,1104,,,
1419,3,2697,1990,3808,,
1420,5,1420,423,1528,2715,2717
1421,2,1144,2028,,,
1422,1,1036,,,,
1423,4,2057,1731,1672,3406,
1424,1,1177,,,,
1425,4,250,2847,1767,150,
1426,5,2296,1347,1615,1439,22
1427,2,3128,303,,,
1428,5,243,1834,1694,1768,2672
1429,1,568,,,,
1430,1,3256,,,,
1431,5,3625,2311,1003,836,3731
1432,1,3228,,,,
1433,3,1213,1043,2951,,
1434,5,755,3332,2829,682,1926
1435,4,734,3756,3090,3756,
1436,3,1974,605,430,,
1437,4,3608,2820,2622,2720,
1438,3,673,1231,3649,,
1439,3,1194,2450,393,,
1440,3,2673,857,3138,,
1441,4,1629,932,3526,220,
1442,5,36,951,3398,2838,472
1443,4,2711,3197,3440,3016,
1444,5,24,605,1175,1651,2458
1445,2,1421,3455,,,
1446,3,2207,2993,1695,,
1447,4,3036,1929,589,2841,
1448,5,3500,10,150,887,1844
1449,3,684,182,243,,
1450,4,280,2204,1785,2429,
1451,5,3717,2269,126,1092,1863
1452,3,2664,3213,633,,
1453,4,1704,880,316,2298,
1454,4,3194,2503,1525,1057,
1455,5,1090,1769,2947,1793,3006
1456,3,1791,3305,553,,
1457,4,849,3692,2865,2559,
1458,4,1150,1454,2977,2462,
1459,2,2687,2360,,,
1460,5,269,1177,3008,2787,2997
1461,4,2392,1985,815,3119,
1462,2,1238,3498,,,
1463,5,801,2361,3146,2549,1814
1464,2,3297,2322,,,
1465,2,2937,197,,,
1466,4,2984,144,3564,1644,
1467,5,2211,2901,1653,968,1782
1468,4,1803,2637,1786,949,
1469,2,1379,37,,,
1470,4,122,293,634,738,
1471,1,743,,,,
1472,4,1131,135,135,1843,
1473,4,1627,863,3682,186,
1474,4,502,2673,2008,1835,
1475,2,979,611,,,
1476,3,66,1510,3805,,
1477,5,2855,797,3141,558,975
1478,3,2869,1348,3442,,
1479,4,1629,3330,3602,1989,
1480,4,1080,2654,3497,3630,
1481,4,957,1278,2384,1116,
1482,5,2212,351,2641,1209,531
1483,2,435,3161,,,
1484,3,3276,1778,1035,,
1485,5,2597,2710,169,1786,343
1486,2,3216,2154,,,
1487,1,779,,,,
1488,1,2826,,,,
1489,2,691,3906,,,
1490,3,437,2714,896,,
1491,4,1390,3584,2147,2733,
1492,5,3087,2476,159,3260,690
1493,2,30,2612,,,
1494,3,2637,3413,1743,,
1495,5,692,2472,1526,1762,1457
1496,1,969,,,,
1497,2,368,1274,,,
1498,2,2105,835,,,
1499,4,1707,2400,3309,1948,
1500,5,1456,3674,3798,17,692
1501,1,344,,,,
1502,4,3128,1241,1651,1999,
1503,3,3846,3148,1796,,
1504,1,3300,,,,
1505,1,1636,,,,
1506,1,3917,,,,
1507,2,650,3732,,,
1508,5,2188,567,3843,2298,1729
1509,2,2451,1794,,,
1510,5,3231,278,1596,3416,2419
1511,3,2316,3249,510,,
1512,1,227,,,,
1513,5,371,2355,2219,1501,3090
1514,3,2066,2588,1412,,
1515,4,682,1223,3268,2082,
1516,5,3186,2671,3320,2255,3382
1517,1,1228,,,,
1518,3,292,1009,1319,,
1519,2,807,1313,,,
1520,2,2280,2130,,,
1521,4,2612,1173,629,2038,
1522,4,2203,3590,1713,3519,
1523,3,1691,1169,3705,,
1524,2,2181,2591,,,
1525,3,3245,3192,3838,,
1526,4,1213,3869,2492,3548,
1527,1,441,,,,
1528,2,2448,3855,,,
1529,2,1136,3038,,,
1530,4,3660,937,272,3864,
1531,3,1013,3479,1407,,
1532,5,2133,2043,3610,672,1953
1533,3,1682,201,2370,,
1534,4,1936,1129,499,2554,
1535,3,1828,1540,1454,,
1536,5,2312,1157,1350,1410,3385
1537,1,1235,,,,
1538,1,3025,,,,
1539,5,3930,3649,1607,3822,1385
1540,3,1741,3857,134,,
1541,1,3685,,,,
1542,2,1588,919,,,
1543,2,3054,3762,,,
1544,4,2511,359,2842,43,
1545,3,403,2008,3906,,
1546,3,11,3928,682,,
1547,2,2168,1235,,,
1548,4,2398,1186,3199,3423,
1549,5,582,3173,3877,1344,2255
1550,1,550,,,,
1551,5,3362,2306,2131,3782,3728
1552,3,1488,734,659,,
1553,1,478,,,,
1554,1,2649,,,,
1555,5,1430,3808,2708,3436,1515
1556,3,1389,349,289,,
1557,5,129,3206,153,3312,3182
1558,2,460,2946,,,
1559,5,3305,3777,2941,2142,2200
1560,3,3292,3746,2976,,
1561,5,1800,1918,1425,804,241
1562,1,950,,,,
1563,1,3377,,,,
1564,3,99,3816,824,,
1565,5,2612,3256,897,1035,2731
1566,5,1537,1075,252,3073,839
1567,1,1820,,,,
1568,1,587,,,,
1569,1,2977,,,,
1570,3,761,995,3544,,
1571,3,1224,2677,961,,
1572,2,1875,714,,,
1573,1,3613,,,,
1574,1,2473,,,,
1575,2,1700,1927,,,
1576,1,2533,,,,
1577,3,265,3086,3938,,
1578,2,886,2658,,,
1579,3,3002,2541,1033,,
1580,3,2118,1337,3626,,
1581,2,58,810,,,
1582,3,3532,2558,1481,,
1583,4,2549,293,724,1413,
1584,2,1793,3649,,,
1585,1,1247,,,,
1586,2,874,1951,,,
1587,5,3913,232,1728,3022,3168
1588,4,3775,2664,3856,2414,
1589,4,3242,3299,896,3519,
1590,5,2189,13,846,879,1180
1591,1,3168,,,,
1592,5,2500,2789,981,1384,2840
1593,4,117,1149,1400,1801,
1594,5,2080,428,1913,2451,1855
1595,4,1928,1270,2627,3188,
1596,1,1529,,,,
1597,1,1946,,,,
1598,3,1574,1049,2705,,
1599,2,2806,2355,,,
1600,3,2241,2848,1794,,
1601,3,3761,3913,1515,,
1602,5,3919,872,656,3841,1214
1603,4,36,960,468,686,
1604,1,1909,,,,
1605,1,638,,,,
1606,1,2702,,,,
1607,1,1609,,,,
1608,4,408,2612,355,3020,
1609,2,2384,681,,,
1610,5,1350,2025,2856,1661,3658
1611,2,158,1841,,,
1612,3,3579,3594,729,,
1613,3,1268,3607,2670,,
1614,4,528,2026,3171,1410,
1615,3,3299,915,2980,,
1616,1,1289,,,,
1617,5,3618,3076,3695,327,3696
1618,1,3134,,,,
1619,3,1336,1878,2800,,
1620,3,3785,552,2063,,
1621,1,319,,,,
1622,4,643,2168,3800,818,
1623,1,2577,,,,
1624,2,1953,1316,,,
1625,3,3668,2281,1613,,
1626,3,2136,988,743,,
1627,3,2533,3471,1088,,
1628,2,602,2747,,,
1629,3,3639,1124,2593,,
1630,5,2181,3933,2642,1538,3433
1631,2,3148,2474,,,
1632,5,306,2846,840,1646,18
1633,1,3237,,,,
1634,1,2511,,,,
1635,1,3564,,,,
1636,1,3116,,,,
1637,4,3693,3530,3421,3048,
1638,1,1032,,,,
1639,3,1426,1079,2110,,
1640,3,228,190,1113,,
1641,5,1852,3204,928,1170,3155
1642,2,1879,2663,,,
1643,4,2906,486,310,2084,
1644,2,2246,1493,,,
1645,1,765,,,,
1646,3,3803,3251,564,,
1647,3,1007,3206,1895,,
1648,1,986,,,,
1649,1,2649,,,,
1650,2,2796,471,,,
1651,1,274,,,,
1652,2,372,3758,,,
1653,1,2763,,,,
1654,3,793,3575,2757,,
1655,5,2608,3804,977,521,1110
1656,2,3210,1510,,,
1657,1,133,,,,
1658,3,3718,2880,1239,,
1659,1,1944,,,,
1660,3,1817,2881,3309,,
1661,5,2165,519,3337,494,927
1662,3,2176,1272,130,,
1663,4,3328,2043,1294,311,
1664,2,900,2045,,,
1665,1,697,,,,
1666,5,3557,2293,1740,3540,2240
1667,2,1973,420,,,
1668,3,124,3301,174,,
1669,5,611,2601,3190,645,2525
1670,2,234,3749,,,
1671,5,560,1554,3066,2412,2421
1672,5,3374,2533,2175,1317,2453
1673,3,3724,3557,396,,
1674,4,1456,143,901,639,
1675,4,773,2567,180,3814,
1676,2,2591,2198,,,
1677,1,917,,,,
1678,2,1435,3688,,,
1679,3,2068,1037,744,,
1680,5,2599,827,299,3030,3344
1681,4,1039,2790,3885,1421,
1682,2,3413,2069,,,
1683,2,1689,3845,,,
1684,2,3666,3884,,,
1685,4,2565,3828,1682,1642,
1686,1,2748,,,,
1687,1,2450,,,,
1688,2,2467,711,,,
1689,5,3448,2252,2282,3814,848
1690,3,1728,3209,2685,,
1691,2,727,1267,,,
1692,2,258,2009,,,
1693,3,3934,430,3215,,
1694,3,1452,1196,2431,,
1695,3,2348,3221,404,,
1696,2,2447,956,,,
1697,2,3724,2120,,,
1698,4,3106,3185,1843,2177,
1699,5,1432,1531,1905,1973,858
1700,2,3589,3507,,,
1701,4,2016,2115,3357,1856,
1702,4,3019,3856,3582,197,
1703,4,3477,2436,3559,3609,
1704,4,1137,1456,2204,3650,
1705,5,3177,3399,1462,1225,2591
1706,4,3731,1740,877,3017,
1707,3,345,253,1984,,
1708,4,2105,3661,3151,3836,
1709,2,960,862,,,
1710,3,9,3064,3304,,
1711,2,297,159,,,
1712,3,3892,592,1373,,
1713,1,3822,,,,
1714,4,2736,2089,1618,141,
1715,5,1136,1873,1104,669,1943
1716,2,218,1605,,,
1717,3,2475,3881,3418,,
1718,3,3186,3876,414,,
1719,3,3154,1909,3843,,
1720,1,1013,,,,
1721,3,407,870,509,,
1722,5,312,507,3709,2502,1412
1723,2,2561,2960,,,
1724,3,2790,3826,3279,,
1725,3,2709,2093,3306,,
1726,2,3075,3897,,,
1727,5,3704,3924,342,1499,787
1728,5,1556,3730,1834,2286,3925
1729,5,917,3301,3757,106,1448
1730,1,3610,,,,
1731,4,1199,94,3833,3297,
1732,4,3407,1714,163,3772,
1733,5,2270,358,3203,2593,2788
1734,5,3250,2507,615,3010,3490
1735,1,3267,,,,
1736,1,3931,,,,
1737,3,1013,2157,3819,,
1738,1,2930,,,,
1739,2,2092,2005,,,
1740,5,380,406,2307,995,107
1741,3,1792,3016,2060,,
1742,1,1399,,,,
1743,5,966,1015,1887,2908,896
1744,3,2248,3460,2968,,
1745,5,3538,2198,3389,3759,2990
1746,4,339,1988,2928,913,
1747,2,627,1451,,,
1748,5,1360,606,619,2462,1822
1749,1,3081,,,,
1750,1,3398,,,,
1751,4,1068,651,581,486,
1752,2,360,748,,,
1753,3,1645,1234,2894,,
1754,5,394,2567,974,1154,2741
1755,1,3772,,,,
1756,5,3282,937,2552,2371,2159
1757,5,1722,2293,241,3007,917
1758,1,2933,,,,
1759,4,1393,259,1010,3670,
1760,5,980,3801,2843,2322,417
1761,5,3231,1726,3387,659,1452
1762,2,2671,3449,,,
1763,3,395,3898,1302,,
1764,5,3121,1836,2834,1926,3496
1765,4,2271,276,2861,2185,
1766,3,3520,3599,3313,,
1767,3,659,2859,187,,
1768,5,3042,2392,1886,2230,2873
1769,5,2797,511,3303,1209,12
1770,3,3595,2795,2019,,
1771,1,3524,,,,
1772,2,1672,2093,,,
1773,1,703,,,,
1774,4,3559,1936,3012,755,
1775,2,2389,689,,,
1776,4,731,1339,2900,916,
1777,5,709,1328,1019,794,872
1778,4,3063,1260,126,1508,
1779,1,1342,,,,
1780,2,2642,3326,,,
1781,1,2592,,,,
1782,5,2236,2153,3829,3694,3612
1783,3,40,3564,2859,,
1784,5,2429,1764,565,218,126
1785,2,1000,996,,,
1786,4,2453,3486,2869,2350,
1787,5,3342,2692,3455,1328,1696
1788,3,558,392,1118,,
1789,5,3852,819,2867,351,1826
1790,4,2191,3919,422,2297,
1791,3,165,1145,3756,,
1792,2,2233,2652,,,
1793,1,1966,,,,
1794,3,1705,2532,441,,
1795,5,3154,163,545,2263,2253
1796,5,2714,627,1107,3595,2512
1797,1,3496,,,,
1798,5,1089,3550,3569,3194,2062
1799,4,3471,2179,2380,2626,
1800,5,3802,1248,3816,2983,1826
1801,1,247,,,,
1802,2,1810,2073,,,
1803,5,534,1481,871,2011,3921
1804,5,1620,2366,1746,3571,3214
1805,4,3139,3321,1389,523,
1806,5,272,2619,2272,2360,2130
1807,5,805,2967,2623,1185,753
1808,4,3832,3473,1283,589,
1809,2,2388,25,,,
1810,4,2913,2590,154,1386,
1811,3,206,362,3414,,
1812,2,1512,1269,,,
1813,1,3203,,,,
1814,2,1507,2188,,,
1815,1,2479,,,,
1816,5,2031,2364,798,3400,2517
1817,5,392,286,2277,1290,2830
1818,5,2884,2377,1617,1845,2591
1819,3,614,1057,352,,
1820,2,1138,1754,,,
1821,1,1010,,,,
1822,2,1351,2794,,,
1823,5,570,2229,1892,3525,2531
1824,1,39,,,,
1825,5,1272,2668,2746,989,163
1826,4,2567,3796,1607,147,
1827,2,1092,3486,,,
1828,4,3204,1121,1266,2363,
1829,4,3687,487,2441,3339,
1830,4,486,3028,3336,1330,
1831,4,3436,2879,2448,2672,
1832,4,3143,3717,3178,3003,
1833,3,1292,2489,1223,,
1834,2,1780,1689,,,
1835,1,3398,,,,
1836,2,140,2031,,,
1837,4,1329,1091,3494,114,
1838,5,1421,2843,3564,3442,1180
1839,3,1448,2585,2124,,
1840,2,3673,1686,,,
1841,1,3932,,,,
1842,2,670,1255,,,
1843,2,3094,768,,,
1844,4,2690,1444,2596,676,
1845,2,3251,970,,,
1846,3,3779,1432,974,,
1847,4,2870,465,923,43,
1848,5,1877,3928,114,1902,2491
1849,4,3712,2927,836,3128,
1850,3,678,2414,920,,
1851,2,2432,1855,,,
1852,3,2529,825,3251,,
1853,5,2314,3246,3793,1482,3273
1854,1,2928,,,,
1855,2,990,3526,,,
1856,1,429,,,,
1857,3,758,301,991,,
1858,5,183,1102,1713,1331,3515
1859,1,1049,,,,
1860,2,702,2708,,,
1861,1,2484,,,,
1862,1,97,,,,
1863,4,2221,2228,351,2308,
1864,4,638,2174,3403,2799,
1865,5,27,1748,2220,3142,1089
1866,2,2023,864,,,
1867,5,2918,1261,3038,2764,2049
1868,5,2215,3518,2519,1688,2598
1869,4,3639,2545,3264,1204,
1870,5,2633,2455,993,976,3755
1871,4,2110,1841,1572,2200,
1872,5,1290,3416,1647,2748,2305
1873,2,618,2995,,,
1874,5,1416,570,3392,15,2770
1875,5,336,2387,777,3799,1806
1876,3,1926,359,25,,
1877,4,2582,372,1447,2892,
1878,2,2123,3473,,,
1879,5,1613,313,1304,2907,2861
1880,4,610,3075,1806,3441,
1881,1,1926,,,,
1882,4,1253,3152,2394,3731,
1883,5,2929,2129,195,269,1955
1884,1,2612,,,,
1885,2,3273,254,,,
1886,5,2764,1558,2225,2580,14
1887,2,1266,1888,,,
1888,1,965,,,,
1889,3,2591,823,2882,,
1890,3,2726,1897,2013,,
1891,3,2943,205,122,,
1892,2,2808,3543,,,
1893,3,982,3227,3309,,
1894,3,3918,2255,1862,,
1895,5,1846,1234,1016,1855,2083
1896,4,1617,799,2057,134,
1897,3,1932,57,2695,,
1898,4,2476,3630,775,206,
1899,1,2002,,,,
1900,4,1533,1004,860,3259,
1901,4,984,3549,2830,758,
1902,2,3496,1357,,,
1903,2,1526,828,,,
1904,1,1011,,,,
1905,4,3360,3407,1384,1349,
1906,4,1547,1994,2297,3821,
1907,5,674,2345,1247,974,1318
1908,1,295,,,,
1909,3,898,3709,3571,,
1910,5,3806,1651,1023,1132,1112
1911,3,781,3244,1140,,
1912,1,2000,,,,
1913,3,1936,460,2862,,
1914,2,2600,2052,,,
1915,2,1242,150,,,
1916,5,2097,3632,823,1139,3824
1917,5,3613,3425,649,3684,2000
1918,5,3273,972,2603,3567,3171
1919,3,3726,1751,2306,,
1920,5,1498,3769,1813,1576,2841
1921,5,3896,2087,740,89,3304
1922,3,3793,656,1402,,
1923,3,2239,1667,810,,
1924,5,2331,2661,1051,2967,1116
1925,3,2585,3793,3146,,
1926,2,2943,1154,,,
1927,3,32,2966,386,,
1928,3,1286,844,2131,,
1929,1,2583,,,,
1930,2,3619,1466,,,
1931,1,2038,,,,
1932,3,3838,1784,296,,
1933,3,168,2830,3023,,
1934,5,3580,2684,2966,3485,1281
1935,4,121,437,2587,947,
1936,4,443,3707,2033,3245,
1937,5,524,627,2777,3893,584
1938,4,1095,3677,3203,3345,
1939,3,3216,1604,1994,,
1940,5,938,2983,2215,2109,1774
1941,4,3014,2544,969,1363,
1942,2,978,1925,,,
1943,4,2448,3118,3582,1701,
1944,3,3321,2894,454,,
1945,3,1517,3760,1109,,
1946,2,1108,1700,,,
1947,1,986,,,,
1948,3,3895,1880,835,,
1949,1,3821,,,,
1950,3,1930,2468,2271,,
1951,3,1988,1562,5,,
1952,3,2455,2350,550,,
1953,1,759,,,,
1954,4,1212,3765,174,1483,
1955,4,990,1160,1824,1919,
1956,3,1014,169,973,,
1957,1,3395,,,,
1958,4,1170,3547,661,104,
1959,2,1643,3727,,,
1960,4,675,2177,392,928,
1961,1,1959,,,,
1962,4,1348,357,2762,3022,
1963,1,1019,,,,
1964,5,2421,2683,484,3032,749
1965,4,2376,1452,562,3834,
1966,2,717,3389,,,
1967,5,3086,2624,3881,2296,2005
1968,2,2165,1512,,,
1969,5,1746,3544,511,2768,1277
1970,5,1531,835,3390,3335,1651
1971,3,3806,3570,431,,
1972,4,3221,2697,2519,3532,
1973,2,2069,1922,,,
1974,1,3679,,,,
1975,4,3853,3738,766,1894,
1976,5,607,2008,3664,1594,2565
1977,1,1558,,,,
1978,5,3261,2441,1230,571,1342
1979,4,3336,3105,1769,1093,
1980,1,3651,,,,
1981,4,2340,1854,2604,1748,
1982,5,1816,261,3536,2733,3513
1983,4,2037,2186,2851,804,
1984,1,3035,,,,
1985,1,994,,,,
1986,1,1980,,,,
1987,3,2490,2890,3068,,
1988,2,1123,1003,,,
1989,1,3394,,,,
1990,1,2267,,,,
1991,5,3486,2391,555,595,3459
1992,3,3342,2276,3236,,
1993,2,2863,1032,,,
1994,4,1876,1641,1716,2688,
1995,4,417,912,2479,685,
1996,3,3366,2203,3455,,
1997,3,3568,2299,2339,,
1998,3,2672,2802,2799,,
1999,5,1430,3040,1020,1919,2429
2000,2,1316,448,,,
2001,4,176,1069,758,852,
2002,1,205,,,,
2003,3,397,1551,1884,,
2004,2,941,3339,,,
2005,4,1340,984,2431,3252,
2006,3,935,1548,3813,,
2007,3,1520,3053,2279,,
2008,4,162,1309,3204,796,
2009,2,3814,1860,,,
2010,1,1309,,,,
2011,4,50,2289,113,268,
2012,2,578,2714,,,
2013,5,2164,222,2991,3477,1138
2014,3,3076,3402,368,,
2015,4,3090,2903,1182,3832,
2016,3,1873,29,3876,,
2017,3,508,3111,3447,,
2018,4,2791,1577,233,2330,
2019,1,3229,,,,
2020,5,2514,3936,658,58,3628
2021,4,1039,1775,1475,2867,
2022,3,2947,3270,1907,,
2023,1,1446,,,,
2024,2,3584,2333,,,
2025,3,664,3405,1425,,
2026,5,1429,3642,2371,1507,274
2027,4,2432,872,3150,2202,
2028,2,1500,2754,,,
2029,4,3554,1307,3732,158,
2030,3,2588,3430,3285,,
2031,2,2922,2053,,,
2032,2,2664,3521,,,
2033,1,119,,,,
2034,1,2265,,,,
2035,2,1740,3024,,,
2036,5,3506,2060,3002,2609,294
2037,1,1424,,,,
2038,4,1569,2806,2386,590,
2039,1,1525,,,,
2040,4,3540,3001,1461,911,
2041,4,527,719,3294,3903,
2042,5,2559,2024,3716,1356,1097
2043,4,3845,1454,2314,2193,
2044,3,1290,3779,431,,
2045,5,3300,3847,2589,332,3032
2046,2,1583,3161,,,
2047,4,18,2146,2441,115,
2048,5,781,1257,670,1138,2632
2049,4,267,3860,951,1656,
2050,4,3676,1981,1412,3760,
2051,5,3207,2922,2432,2921,2141
2052,1,425,,,,
2053,2,2290,1250,,,
2054,1,1992,,,,
2055,2,2333,3926,,,
2056,1,367,,,,
2057,3,3777,1531,3077,,
2058,5,423,2518,3661,1647,2794
2059,1,1792,,,,
2060,4,1139,1272,2430,788,
2061,5,125,2810,3425,1032,3496
2062,4,3420,3729,920,326,
2063,4,1727,2873,747,3002,
2064,1,2560,,,,
2065,1,146,,,,
2066,3,576,2743,3207,,
2067,5,759,3462,1570,2219,1718
2068,1,3323,,,,
2069,5,3287,2392,144,1652,616
2070,5,2476,2531,283,1049,486
2071,3,2922,1254,2234,,
2072,5,2452,412,2265,3773,2917
2073,5,2919,238,3858,3667,800
2074,5,3667,168,2585,145,2948
2075,1,3251,,,,
2076,4,3638,3179,705,1033,
2077,4,3064,1572,2210,95,
2078,5,1584,902,2381,102,3652
2079,5,2359,61,1159,3623,2608
2080,2,1149,1887,,,
2081,4,3108,1514,1085,1546,
2082,4,103,1712,1213,911,
2083,4,1094,624,3909,2169,
2084,3,2907,2608,2501,,
2085,4,2492,976,2208,1635,
2086,3,2479,3084,494,,
2087,5,812,2932,2853,1637,3000
2088,1,2980,,,,
2089,4,1665,1829,2640,1585,
2090,5,310,2965,336,1863,3550
2091,5,44,2894,46,3253,3351
2092,1,510,,,,
2093,4,2568,3241,3358,837,
2094,2,3828,3818,,,
2095,3,2057,3557,2817,,
2096,3,27,3727,505,,
2097,5,3441,271,337,3826,3588
2098,2,2460,1492,,,
2099,4,1968,3411,1796,2917,
2100,3,2740,2669,2614,,
2101,5,371,2591,3279,1085,1166
2102,2,3588,1421,,,
2103,1,107,,,,
2104,2,2667,863,,,
2105,5,1092,1087,1830,3084,3153
2106,5,3193,76,282,238,2079
2107,3,689,3266,2225,,
2108,4,2225,3768,3904,1496,
2109,4,1934,2413,1347,3321,
2110,2,2331,798,,,
2111,5,2940,2539,447,3726,2786
2112,1,1062,,,,
2113,3,2255,657,3195,,
2114,5,518,3465,3706,1380,791
2115,3,328,1909,170,,
2116,3,2255,3904,3655,,
2117,2,1186,834,,,
2118,5,3133,1351,3725,256,392
2119,2,3233,2428,,,
2120,1,3277,,,,
2121,3,1624,3681,1466,,
2122,3,3752,1076,594,,
2123,4,578,3120,2539,2450,
2124,4,3109,2231,465,1253,
2125,5,1526,1180,3040,2533,1822
2126,4,3846,911,2054,1573,
2127,1,439,,,,
2128,5,2346,1731,687,563,1633
2129,2,280,165,,,
2130,4,1683,3268,3714,1344,
2131,1,458,,,,
2132,4,1256,161,10,3422,
2133,3,918,1567,2527,,
2134,4,699,1775,1853,1431,
2135,3,263,127,2184,,
2136,1,2040,,,,
2137,4,250,2810,2249,2727,
2138,5,2462,1726,1236,653,2654
2139,3,3583,2525,3533,,
2140,1,1890,,,,
2141,1,1194,,,,
2142,5,619,3450,3556,3468,2578
2143,1,1300,,,,
2144,1,3651,,,,
2145,4,879,3704,3301,1922,
2146,2,816,2842,,,
2147,2,3488,3277,,,
2148,3,2500,3494,3045,,
2149,2,105,2574,,,
2150,5,3479,275,3140,2782,3398
2151,4,26,2158,3032,3733,
2152,5,1149,1188,300,1020,3331
2153,3,1133,1331,1257,,
2154,3,3371,341,2901,,
2155,4,289,1471,2219,2299,
2156,1,140,,,,
2157,4,1569,1189,2423,62,
-1